0 1 122
0 2 511
0 3 728
0 4 744
0 5 744
0 6 744
0 7 744
0 7 744
0 9 744
0 7 744
1 1 74
1 2 237
1 3 464
1 4 464
1 5 464
1 6 464
1 7 464
1 7 740
1 8 464
1 9 464
2 1 75
2 2 343
2 3 571
2 4 612
2 5 744
2 6 744
2 7 744
2 8 744
2 7 744
2 8 744
3 1 26
3 2 217
3 3 447
3 4 704
3 5 704
3 6 704
3 7 704
3 8 704
3 7 704
3 9 704
4 1 4
4 2 167
4 3 391
4 4 584
4 5 584
4 6 585
4 7 634
4 8 648
4 8 704
4 7 704
5 1 179
5 2 232
5 3 464
5 4 464
5 5 464
5 6 464
5 7 464
5 8 464
5 7 571
5 8 464
6 1 0
7 1 108
7 2 237
7 3 273
7 4 384
7 5 384
7 6 398
7 7 501
7 8 613
7 9 384
7 7 469
8 1 78
8 2 415
8 3 450
8 4 409
8 5 411
8 6 485
8 7 464
8 7 680
8 8 590
8 7 564
9 1 234
9 2 347
9 3 486
9 4 544
9 5 544
9 6 544
9 7 544
9 7 658
9 7 544
9 8 544
10 1 325
10 2 260
10 3 435
10 4 584
10 5 702
10 6 675
10 7 687
10 8 675
10 7 639
10 8 680
11 1 110
11 2 133
11 3 541
11 4 704
11 5 704
11 6 704
11 7 704
11 7 704
11 9 704
11 8 704
12 1 110
12 2 320
12 3 287
12 4 508
12 5 512
12 6 570
12 7 512
12 8 512
12 7 608
12 7 608
13 1 179
13 2 264
13 3 470
13 4 389
13 5 640
13 6 640
13 7 576
13 8 640
13 7 640
13 8 640
14 1 157
14 2 374
14 3 482
14 4 629
14 5 640
14 6 10
14 7 640
14 8 640
14 7 640
14 9 640
15 1 22
15 2 260
15 3 123
15 4 640
15 5 640
15 6 640
15 7 640
15 7 640
15 7 640
15 7 640
16 1 62
16 2 358
16 3 317
16 4 596
16 5 640
16 6 640
16 7 640
16 8 640
16 8 640
16 8 640
17 1 36
17 2 237
17 3 485
17 4 437
17 5 574
17 6 609
17 7 640
17 8 640
17 8 640
17 8 640
18 1 6
18 2 46
18 3 365
18 4 489
18 5 495
18 6 563
18 7 640
18 8 640
18 7 640
18 8 632
19 1 259
19 2 441
19 3 497
19 4 512
19 5 506
19 6 512
19 6 640
19 8 608
19 7 640
19 8 627
20 1 194
20 2 271
20 3 438
20 4 442
20 5 491
20 6 570
20 7 580
20 8 579
20 7 565
20 9 615
21 1 53
21 2 422
21 3 332
21 4 384
21 5 411
21 6 458
21 7 495
21 8 582
21 9 564
21 9 592
22 1 367
22 2 365
22 3 467
22 4 384
22 5 391
22 6 384
22 7 453
22 7 465
22 8 449
22 9 535
23 1 43
23 2 293
23 3 384
23 4 384
23 5 384
23 6 384
23 7 456
23 8 448
23 7 474
23 8 453
24 1 60
24 2 260
24 3 189
24 4 441
24 5 403
24 6 448
24 7 478
24 8 493
24 9 496
24 7 516
25 1 236
25 2 395
25 3 435
25 4 376
25 5 426
25 6 440
25 7 406
25 7 525
25 9 496
25 9 489
26 1 89
26 2 263
26 3 202
26 4 438
26 5 360
26 6 352
26 7 376
26 8 379
26 7 496
26 9 418
27 1 76
27 2 361
27 3 226
27 4 440
27 5 355
27 6 352
27 7 279
27 7 475
27 7 448
27 8 472
28 1 177
28 2 5
28 3 330
28 4 358
28 5 256
28 6 256
28 7 256
28 7 358
28 9 373
28 7 359
29 1 101
29 2 0
30 1 108
30 2 148
30 3 269
30 4 296
30 5 256
30 6 256
30 7 297
30 8 256
30 7 420
30 10 279
31 1 175
31 2 271
31 3 232
31 4 256
31 5 256
31 6 256
31 7 256
31 8 256
31 9 256
31 8 334
32 1 102
32 2 181
32 3 256
32 4 261
32 5 361
32 6 256
32 7 375
32 7 345
32 9 396
32 7 405
33 1 241
33 2 27
33 3 237
33 4 269
33 5 256
33 6 307
33 7 310
33 8 481
33 9 334
33 10 304
34 1 107
34 2 174
34 3 139
34 4 347
34 5 256
34 6 340
34 7 449
34 8 414
34 7 488
34 10 236
35 1 1
35 2 329
35 3 346
35 4 206
35 5 298
35 6 393
35 7 448
35 8 414
35 8 467
35 7 448
36 1 115
36 2 173
36 3 361
36 4 302
36 5 293
36 6 325
36 7 417
36 8 446
36 7 448
36 10 340
37 1 97
37 2 180
37 3 396
37 4 406
37 5 136
37 6 379
37 7 399
37 8 415
37 8 496
37 9 462
38 1 0
39 1 164
39 2 253
39 3 340
39 4 448
39 5 389
39 6 448
39 7 471
39 7 448
39 7 496
39 7 507
40 1 219
40 2 43
40 3 354
40 4 405
40 5 448
40 6 320
40 7 402
40 8 446
40 8 448
40 8 509
41 1 311
41 2 35
41 3 292
41 4 465
41 5 408
41 6 447
41 7 410
41 7 483
41 7 448
41 8 491
42 1 353
42 2 167
42 3 390
42 4 381
42 5 482
42 6 392
42 7 384
42 8 498
42 8 462
42 9 551
43 1 46
43 2 237
43 3 286
43 4 483
43 5 366
43 6 465
43 7 517
43 8 416
43 8 436
43 9 384
44 1 327
44 2 161
44 3 426
44 4 408
44 5 520
44 6 451
44 7 401
44 8 537
44 9 399
44 8 397
45 1 168
45 2 116
45 3 499
45 4 573
45 5 593
45 6 497
45 7 450
45 7 640
45 8 408
45 7 416
46 1 19
46 2 340
46 3 359
46 4 603
46 5 430
46 6 567
46 7 640
46 7 640
46 9 576
46 10 637
47 1 184
47 2 114
47 3 638
47 4 180
47 5 640
47 6 406
47 7 640
47 7 640
47 9 640
47 9 640
48 1 10
48 2 183
48 3 287
48 4 518
48 5 416
48 6 421
48 7 432
48 8 384
48 9 442
48 8 512
49 1 74
49 2 49
49 3 246
49 4 545
49 5 429
49 6 400
49 7 512
49 8 512
49 8 512
49 9 512
50 1 2
50 2 454
50 3 188
50 4 379
50 5 416
50 6 430
50 7 497
50 8 512
50 9 385
50 8 512
51 1 161
51 2 249
51 3 499
51 4 441
51 5 434
51 6 416
51 7 512
51 8 483
51 8 512
51 9 507
52 1 111
52 2 193
52 3 329
52 4 384
52 5 380
52 6 491
52 7 512
52 7 512
52 8 512
52 9 512
53 1 27
53 2 47
53 3 410
53 4 180
53 5 418
53 6 511
53 7 512
53 8 504
53 9 500
53 8 512
54 1 298
54 2 367
54 3 338
54 4 292
54 5 441
54 6 489
54 7 512
54 8 512
54 9 512
54 8 512
55 1 181
55 2 201
55 3 366
55 4 332
55 5 498
55 6 448
55 7 512
55 8 512
55 8 512
55 10 512
56 1 133
56 2 201
56 3 385
56 4 364
56 5 457
56 6 512
56 7 512
56 8 512
56 9 512
56 8 512
57 1 125
57 2 166
57 3 291
57 4 290
57 5 266
57 6 512
57 7 512
57 8 512
57 9 512
57 9 512
58 1 133
58 2 307
58 3 84
58 4 384
58 5 335
58 6 512
58 7 512
58 8 512
58 8 512
58 9 512
59 1 68
59 2 16
59 3 11
59 4 246
59 5 512
59 6 512
59 7 512
59 8 512
59 8 512
59 7 512
60 1 177
60 2 1
60 3 254
60 4 372
60 5 512
60 6 512
60 7 512
60 8 512
60 9 512
60 8 512
61 1 90
61 2 187
61 3 271
61 4 512
61 5 512
61 6 25
61 7 512
61 8 512
61 7 512
61 10 512
62 1 175
62 2 0
63 1 175
63 2 30
63 3 86
63 4 512
63 5 512
63 6 512
63 7 512
63 8 512
63 9 512
63 8 512
64 1 183
64 2 151
64 3 448
64 4 205
64 5 512
64 6 512
64 7 512
64 8 512
64 9 512
64 7 512
65 1 23
65 2 257
65 3 403
65 4 512
65 5 512
65 6 512
65 7 511
65 8 496
65 9 512
65 8 512
66 1 220
66 2 183
66 3 336
66 4 263
66 5 506
66 6 488
66 7 474
66 8 450
66 8 480
66 10 512
67 1 43
67 2 20
67 3 209
67 4 273
67 5 249
67 6 512
67 7 488
67 8 482
67 8 480
67 8 480
68 1 267
68 2 247
68 3 99
68 4 85
68 5 71
68 6 501
68 7 407
68 8 448
68 8 504
68 9 480
69 1 36
69 2 259
69 3 192
69 4 357
69 5 511
69 6 400
69 7 416
69 8 400
69 9 393
69 10 496
70 1 6
70 2 138
70 3 326
70 4 19
70 5 390
70 6 512
70 7 153
70 8 448
70 9 443
70 8 448
71 1 115
71 2 187
71 3 196
71 4 310
71 5 485
71 6 472
71 7 328
71 8 448
71 9 448
71 8 448
72 1 114
72 2 320
72 3 224
72 4 463
72 5 448
72 6 448
72 7 413
72 8 430
72 8 448
72 9 464
73 1 49
73 2 308
73 3 84
73 4 152
73 5 449
73 6 336
73 7 404
73 8 429
73 7 444
73 9 473
74 1 61
74 2 319
74 3 10
74 4 265
74 5 268
74 6 387
74 7 26
74 7 424
74 7 432
74 8 384
75 1 64
75 2 170
75 3 345
75 4 268
75 5 389
75 6 413
75 7 317
75 8 390
75 8 386
75 10 384
76 1 88
76 2 410
76 3 340
76 4 355
76 5 276
76 6 384
76 7 384
76 8 384
76 8 450
76 8 413
77 1 42
77 2 189
77 3 273
77 4 384
77 5 390
77 6 384
77 7 385
77 8 384
77 9 384
77 9 384
78 1 72
78 2 154
78 3 282
78 4 357
78 5 383
78 6 408
78 7 378
78 8 384
78 8 384
78 10 391
79 1 53
79 2 120
79 3 145
79 4 216
79 5 400
79 6 384
79 7 384
79 8 384
79 9 384
79 8 384
80 1 38
80 2 343
80 3 346
80 4 138
80 5 470
80 6 377
80 7 381
80 7 384
80 9 372
80 9 384
81 1 161
81 2 328
81 3 245
81 4 340
81 5 384
81 6 357
81 7 336
81 8 377
81 8 384
81 9 384
82 1 90
82 2 364
82 3 371
82 4 310
82 5 253
82 6 260
82 7 269
82 8 340
82 9 354
82 8 381
83 1 315
83 2 65
83 3 238
83 4 290
83 5 278
83 6 352
83 7 256
83 8 287
83 9 379
83 9 384
84 1 56
84 2 304
84 3 296
84 4 320
84 5 283
84 6 256
84 7 257
84 8 325
84 9 261
84 10 256
85 1 108
85 2 166
85 3 250
85 4 280
85 5 290
85 6 256
85 7 310
85 8 288
85 8 258
85 8 313
86 1 71
86 2 240
86 3 359
86 4 241
86 5 256
86 6 327
86 7 256
86 8 256
86 8 322
86 9 288
87 1 35
87 2 217
87 3 387
87 4 351
87 5 299
87 6 256
87 7 256
87 8 256
87 9 283
87 8 284
88 1 79
88 2 193
88 3 265
88 4 350
88 5 256
88 6 256
88 7 256
88 8 256
88 9 256
88 10 281
89 1 0
90 1 179
90 2 143
90 3 336
90 4 289
90 5 256
90 6 256
90 7 256
90 8 258
90 8 304
90 9 288
91 1 65
91 2 291
91 3 261
91 4 310
91 5 256
91 6 256
91 7 256
91 8 256
91 9 256
91 9 256
92 1 104
92 2 175
92 3 270
92 4 256
92 5 256
92 6 256
92 7 256
92 8 256
92 9 256
92 9 256
93 1 208
93 2 202
93 3 265
93 4 256
93 5 256
93 6 256
93 7 256
93 8 256
93 7 277
93 8 265
94 1 130
94 2 40
94 3 258
94 4 256
94 5 256
94 6 256
94 7 264
94 8 256
94 8 256
94 10 256
95 1 199
95 2 193
95 3 256
95 4 256
95 5 256
95 6 256
95 7 256
95 8 256
95 7 256
95 8 256
96 1 104
96 2 209
96 3 258
96 4 256
96 5 315
96 6 256
96 7 256
96 8 256
96 9 260
96 9 256
97 1 30
97 2 151
97 3 276
97 4 184
97 5 256
97 6 261
97 7 262
97 8 256
97 8 256
97 8 256
98 1 2
98 2 278
98 3 131
98 4 256
98 5 256
98 6 247
98 7 288
98 7 256
98 9 256
98 10 256
99 1 6
99 2 249
99 3 290
99 4 262
99 5 269
99 6 253
99 7 285
99 8 225
99 8 256
99 7 256
100 1 30
100 2 88
100 3 313
100 4 281
100 5 278
100 6 237
100 7 183
100 8 240
100 8 230
100 8 270
101 1 90
101 2 213
101 3 412
101 4 252
101 5 256
101 6 242
101 7 157
101 8 154
101 8 254
101 8 252
102 1 2
102 2 268
102 3 334
102 4 256
102 5 299
102 6 244
102 7 194
102 7 215
102 8 221
102 8 223
103 1 127
103 2 177
103 3 362
103 4 387
103 5 268
103 6 280
103 7 156
103 8 190
103 9 151
103 10 93
104 1 40
104 2 219
104 3 256
104 4 288
104 5 232
104 6 178
104 7 96
104 8 139
104 7 155
104 9 170
105 1 177
105 2 282
105 3 26
105 4 327
105 5 252
105 6 128
105 7 18
105 7 55
105 8 212
105 9 201
106 1 123
106 2 11
106 3 387
106 4 233
106 5 148
106 6 152
106 7 0
107 1 256
107 2 253
107 3 321
107 4 241
107 5 137
107 6 127
107 7 4
107 8 75
107 7 128
107 9 80
108 1 81
108 2 76
108 3 243
108 4 238
108 5 135
108 6 27
108 7 93
108 8 54
108 9 32
108 9 139
109 1 136
109 2 273
109 3 297
109 4 479
109 5 39
109 6 2
109 7 3
109 8 0
110 1 84
110 2 18
110 3 265
110 4 343
110 5 92
110 6 3
110 7 0
111 1 59
111 2 45
111 3 329
111 4 166
111 5 244
111 6 50
111 7 0
112 1 94
112 2 372
112 3 281
112 4 189
112 5 97
112 6 2
112 7 0
113 1 57
113 2 173
113 3 239
113 4 231
113 5 81
113 6 10
113 7 3
113 8 0
114 1 84
114 2 0
115 1 316
115 2 91
115 3 301
115 4 7
115 5 27
115 6 0
116 1 29
116 2 64
116 3 281
116 4 77
116 5 0
117 1 134
117 2 38
117 3 210
117 4 65
117 5 0
118 1 17
118 2 75
118 3 130
118 4 60
118 5 7
118 6 0
119 1 31
119 2 330
119 3 147
119 4 196
119 5 0
120 1 162
120 2 93
120 3 230
120 4 120
120 5 0
121 1 388
121 2 171
121 3 213
121 4 129
121 5 0
122 1 184
122 2 304
122 3 92
122 4 5
122 5 0
123 1 111
123 2 130
123 3 40
123 4 0
124 1 86
124 2 165
124 3 0
125 1 67
125 2 60
125 3 3
125 4 0
126 1 60
126 2 0
127 1 94
127 2 10
127 3 0
128 1 247
128 2 0
129 1 29
129 2 114
129 3 16
129 4 0
130 1 13
130 2 83
130 3 0
131 1 84
131 2 0
132 1 129
132 2 184
132 3 158
132 4 92
132 5 0
133 1 79
133 2 202
133 3 249
133 4 107
133 5 9
133 6 0
134 1 4
134 2 0
135 1 10
135 2 267
135 3 36
135 4 310
135 5 0
136 1 41
136 2 255
136 3 310
136 4 88
136 5 3
136 6 0
137 1 203
137 2 186
137 3 56
137 4 112
137 5 0
138 1 79
138 2 204
138 3 388
138 4 30
138 5 12
138 6 0
139 1 195
139 2 246
139 3 16
139 4 167
139 5 0
140 1 25
140 2 182
140 3 83
140 4 54
140 5 0
141 1 76
141 2 301
141 3 92
141 4 17
141 5 89
141 6 25
141 7 0
142 1 45
142 2 78
142 3 139
142 4 138
142 5 79
142 6 0
143 1 100
143 2 223
143 3 157
143 4 98
143 5 3
143 6 0
144 1 216
144 2 146
144 3 155
144 4 128
144 5 0
145 1 62
145 2 231
145 3 260
145 4 3
145 5 2
145 6 0
146 1 26
146 2 217
146 3 220
146 4 125
146 5 6
146 6 0
147 1 109
147 2 108
147 3 251
147 4 71
147 5 0
148 1 40
148 2 308
148 3 144
148 4 100
148 5 39
148 6 0
149 1 135
149 2 155
149 3 189
149 4 0
150 1 104
150 2 354
150 3 63
150 4 239
150 5 29
150 6 0
151 1 141
151 2 255
151 3 167
151 4 272
151 5 0
152 1 24
152 2 348
152 3 128
152 4 185
152 5 162
152 6 0
153 1 53
153 2 147
153 3 269
153 4 58
153 5 4
153 6 0
154 1 27
154 2 58
154 3 261
154 4 101
154 5 0
155 1 107
155 2 152
155 3 256
155 4 226
155 5 256
155 6 0
156 1 50
156 2 97
156 3 83
156 4 254
156 5 8
156 6 21
156 7 0
157 1 17
157 2 263
157 3 265
157 4 256
157 5 185
157 6 8
157 7 0
158 1 221
158 2 113
158 3 256
158 4 32
158 5 256
158 6 60
158 7 0
159 1 76
159 2 217
159 3 256
159 4 256
159 5 256
159 6 26
159 7 0
160 1 37
160 2 21
160 3 181
160 4 256
160 5 168
160 6 3
160 7 0
161 1 232
161 2 245
161 3 262
161 4 256
161 5 23
161 6 0
162 1 25
162 2 136
162 3 256
162 4 256
162 5 201
162 6 0
163 1 92
163 2 31
163 3 141
163 4 239
163 5 127
163 6 54
163 7 0
164 1 329
164 2 181
164 3 230
164 4 159
164 5 98
164 6 84
164 7 0
165 1 131
165 2 206
165 3 284
165 4 236
165 5 171
165 6 0
166 1 41
166 2 224
166 3 260
166 4 281
166 5 259
166 6 83
166 7 56
166 8 0
167 1 69
167 2 262
167 3 236
167 4 245
167 5 122
167 6 0
168 1 114
168 2 114
168 3 17
168 4 333
168 5 188
168 6 77
168 7 0
169 1 18
169 2 298
169 3 173
169 4 255
169 5 245
169 6 91
169 7 0
170 1 221
170 2 97
170 3 210
170 4 323
170 5 217
170 6 0
171 1 30
171 2 263
171 3 220
171 4 25
171 5 48
171 6 152
171 7 0
172 1 129
172 2 262
172 3 174
172 4 179
172 5 6
172 6 1
172 7 0
173 1 24
173 2 174
173 3 273
173 4 377
173 5 62
173 6 0
174 1 21
174 2 0
175 1 11
175 2 209
175 3 35
175 4 283
175 5 258
175 6 0
176 1 35
176 2 263
176 3 338
176 4 300
176 5 0
177 1 8
177 2 201
177 3 197
177 4 338
177 5 84
177 6 17
177 7 0
178 1 239
178 2 80
178 3 378
178 4 377
178 5 0
179 1 33
179 2 247
179 3 251
179 4 394
179 5 0
180 1 113
180 2 4
180 3 342
180 4 295
180 5 327
180 6 176
180 7 0
181 1 20
181 2 196
181 3 24
181 4 372
181 5 435
181 6 0
182 1 34
182 2 192
182 3 252
182 4 425
182 5 32
182 6 20
182 7 0
183 1 26
183 2 229
183 3 80
183 4 250
183 5 501
183 6 66
183 7 0
184 1 57
184 2 270
184 3 251
184 4 81
184 5 410
184 6 469
184 7 54
184 8 0
185 1 32
185 2 134
185 3 266
185 4 497
185 5 512
185 6 183
185 7 0
186 1 67
186 2 86
186 3 175
186 4 512
186 5 512
186 6 0
187 1 175
187 2 35
187 3 461
187 4 193
187 5 512
187 6 384
187 7 0
188 1 13
188 2 74
188 3 0
189 1 184
189 2 27
189 3 233
189 4 512
189 5 495
189 6 512
189 7 0
190 1 52
190 2 4
190 3 320
190 4 512
190 5 512
190 6 0
191 1 94
191 2 9
191 3 335
191 4 501
191 5 502
191 6 0
192 1 119
192 2 11
192 3 318
192 4 278
192 5 508
192 6 192
192 7 12
192 8 7
192 9 0
193 1 54
193 2 64
193 3 263
193 4 405
193 5 118
193 6 77
193 7 0
194 1 31
194 2 0
195 1 210
195 2 115
195 3 204
195 4 79
195 5 97
195 6 32
195 7 0
196 1 18
196 2 120
196 3 60
196 4 216
196 5 0
197 1 25
197 2 66
197 3 186
197 4 235
197 5 187
197 6 3
197 7 0
198 1 143
198 2 24
198 3 276
198 4 357
198 5 0
199 1 104
199 2 93
199 3 49
199 4 311
199 5 0
200 1 96
200 2 278
200 3 253
200 4 274
200 5 58
200 6 7
200 7 0
201 1 128
201 2 30
201 3 427
201 4 147
201 5 166
201 6 0
202 1 85
202 2 282
202 3 67
202 4 129
202 5 0
203 1 65
203 2 42
203 3 0
204 1 57
204 2 336
204 3 134
204 4 128
204 5 0
205 1 21
205 2 49
205 3 382
205 4 274
205 5 55
205 6 0
206 1 439
206 2 53
206 3 230
206 4 185
206 5 0
207 1 90
207 2 120
207 3 219
207 4 243
207 5 0
208 1 130
208 2 200
208 3 121
208 4 182
208 5 0
209 1 3
209 2 203
209 3 314
209 4 140
209 5 0
210 1 90
210 2 107
210 3 344
210 4 180
210 5 0
211 1 60
211 2 236
211 3 307
211 4 99
211 5 0
212 1 123
212 2 304
212 3 21
212 4 167
212 5 99
212 6 0
213 1 12
213 2 292
213 3 166
213 4 252
213 5 0
214 1 45
214 2 141
214 3 78
214 4 24
214 5 100
214 6 0
215 1 265
215 2 302
215 3 86
215 4 158
215 5 0
216 1 30
216 2 209
216 3 231
216 4 131
216 5 0
217 1 139
217 2 74
217 3 146
217 4 142
217 5 0
218 1 234
218 2 234
218 3 197
218 4 222
218 5 0
219 1 316
219 2 64
219 3 240
219 4 247
219 5 0
220 1 24
220 2 159
220 3 228
220 4 168
220 5 0
221 1 56
221 2 10
221 3 252
221 4 60
221 5 0
222 1 4
222 2 39
222 3 256
222 4 0
223 1 307
223 2 176
223 3 256
223 4 26
223 5 0
224 1 174
224 2 38
224 3 256
224 4 0
225 1 0
226 1 265
226 2 196
226 3 186
226 4 192
226 5 0
227 1 50
227 2 102
227 3 206
227 4 0
228 1 302
228 2 95
228 3 232
228 4 123
228 5 0
229 1 201
229 2 174
229 3 95
229 4 64
229 5 0
230 1 73
230 2 138
230 3 185
230 4 0
231 1 36
231 2 159
231 3 124
231 4 0
232 1 38
232 2 238
232 3 142
232 4 94
232 5 0
233 1 87
233 2 6
233 3 92
233 4 0
234 1 0
235 1 0
236 1 52
236 2 302
236 3 0
237 1 35
237 2 227
237 3 195
237 4 0
238 1 16
238 2 102
238 3 96
238 4 0
239 1 132
239 2 166
239 3 73
239 4 0
240 1 2
240 2 345
240 3 31
240 4 0
241 1 91
241 2 118
241 3 106
241 4 0
242 1 138
242 2 252
242 3 33
242 4 0
243 1 301
243 2 238
243 3 0
244 1 69
244 2 244
244 3 10
244 4 0
245 1 1
245 2 31
245 3 0
246 1 24
246 2 113
246 3 43
246 4 0
247 1 149
247 2 111
247 3 61
247 4 0
248 1 57
248 2 53
248 3 0
249 1 32
249 2 26
249 3 0
250 1 96
250 2 5
250 3 0
251 1 0
252 1 75
252 2 0
253 1 19
253 2 4
253 3 0
254 1 0
255 1 127
255 2 0
