0 8 744
0 8 744
0 7 744
0 8 744
0 9 744
0 7 744
0 7 744
0 8 744
0 9 744
0 8 744
0 8 744
0 8 744
0 8 744
0 7 744
0 8 744
0 8 744
0 8 744
0 9 744
0 8 744
0 9 744
0 7 744
1 10 657
1 10 686
1 10 684
1 14 651
1 12 749
1 13 686
1 11 666
1 16 686
1 13 749
1 11 651
1 12 714
1 13 616
1 11 686
1 16 651
1 12 686
1 14 686
1 10 658
1 10 686
1 12 686
1 10 655
1 15 616
2 10 590
2 18 756
2 19 767
2 20 528
2 16 678
2 19 672
2 19 764
2 18 768
2 17 636
2 16 590
2 16 732
2 14 640
2 19 728
2 18 768
2 17 670
2 18 620
2 17 558
2 18 696
2 15 558
2 15 676
2 20 718
3 10 604
3 13 528
3 13 603
3 12 528
3 15 549
3 13 642
3 15 599
3 13 689
3 14 663
3 12 696
3 12 588
3 16 696
3 17 768
3 16 701
3 14 672
3 13 558
3 16 768
3 14 552
3 17 768
3 15 636
3 14 766
4 10 697
4 19 640
4 15 635
4 20 645
4 22 640
4 17 473
4 17 560
4 15 612
4 17 439
4 15 596
4 20 640
4 16 640
4 22 621
4 16 640
4 17 537
4 19 605
4 19 587
4 19 560
4 18 640
4 20 596
4 16 557
5 10 595
5 20 640
5 18 625
5 17 640
5 20 640
5 19 640
5 19 625
5 17 604
5 15 541
5 18 640
5 15 556
5 16 550
5 14 559
5 18 640
5 19 640
5 17 628
5 16 539
5 16 559
5 20 640
5 16 519
5 18 613
6 10 617
6 15 580
6 17 440
6 14 635
6 14 478
6 15 538
6 16 621
6 16 640
6 18 640
6 17 640
6 17 440
6 16 638
6 17 440
6 17 528
6 15 640
6 18 640
6 14 630
6 15 512
6 18 640
6 16 640
6 17 640
7 10 609
7 15 604
7 17 640
7 15 502
7 17 640
7 15 625
7 19 640
7 17 640
7 16 632
7 16 640
7 16 640
7 15 511
7 17 614
7 15 640
7 15 584
7 23 513
7 16 640
7 15 467
7 16 640
7 20 640
7 20 640
8 10 553
8 20 472
8 17 480
8 24 550
8 20 387
8 15 511
8 18 357
8 20 498
8 17 512
8 18 512
8 24 512
8 17 361
8 18 513
8 19 512
8 17 506
8 17 512
8 16 509
8 17 519
8 18 454
8 18 512
8 19 489
9 10 494
9 17 511
9 17 479
9 20 512
9 17 512
9 16 507
9 18 512
9 18 512
9 19 512
9 17 512
9 18 512
9 17 429
9 16 416
9 15 433
9 19 512
9 18 511
9 20 512
9 21 507
9 16 440
9 18 512
9 22 512
10 10 499
10 17 512
10 18 512
10 19 512
10 20 513
10 21 512
10 22 512
10 18 512
10 18 512
10 17 512
10 18 512
10 18 384
10 22 512
10 19 512
10 17 480
10 17 512
10 21 512
10 23 512
10 21 507
10 17 415
10 20 476
11 10 493
11 16 464
11 18 512
11 21 512
11 18 512
11 17 514
11 16 499
11 18 512
11 19 432
11 16 456
11 16 496
11 16 512
11 20 512
11 19 320
11 16 478
11 30 492
11 18 512
11 27 511
11 17 433
11 22 517
11 25 512
12 10 502
12 16 512
12 19 512
12 18 512
12 17 339
12 16 500
12 16 512
12 19 354
12 15 512
12 19 512
12 18 512
12 16 509
12 22 503
12 61 487
12 16 512
12 18 512
12 19 512
12 22 512
12 21 500
12 16 498
12 25 512
13 10 512
13 20 512
13 16 512
13 18 512
13 21 512
13 16 498
13 15 512
13 18 512
13 18 512
13 16 512
13 17 512
13 19 512
13 16 511
13 16 512
13 19 512
13 19 512
13 17 512
13 17 512
13 18 512
13 16 512
13 17 512
14 10 490
14 19 472
14 18 512
14 18 512
14 19 512
14 16 512
14 22 387
14 16 466
14 16 512
14 21 512
14 19 512
14 16 336
14 16 512
14 16 512
14 20 512
14 20 512
14 16 512
14 16 512
14 21 352
14 16 512
14 16 512
15 10 460
15 15 387
15 17 512
15 20 512
15 16 512
15 16 512
15 19 511
15 16 512
15 16 509
15 22 512
15 18 512
15 16 511
15 20 512
15 16 512
15 17 512
15 18 398
15 17 505
15 16 511
15 16 512
15 16 512
15 19 512
16 10 367
16 20 384
16 30 388
16 23 374
16 16 357
16 20 384
16 22 390
16 24 441
16 19 439
16 20 384
16 21 424
16 16 384
16 20 354
16 26 404
16 23 382
16 20 443
16 21 384
16 26 393
16 21 382
16 22 384
16 25 386
17 10 379
17 20 381
17 30 379
17 21 384
17 20 380
17 19 380
17 19 384
17 24 393
17 24 384
17 16 384
17 20 400
17 22 387
17 18 392
17 18 384
17 26 415
17 22 384
17 19 371
17 17 383
17 19 384
17 20 384
17 16 384
18 10 395
18 17 384
18 19 384
18 22 384
18 21 381
18 20 384
18 19 383
18 17 360
18 18 389
18 22 384
18 22 384
18 22 384
18 21 386
18 21 384
18 16 384
18 27 384
18 25 443
18 19 388
18 20 405
18 17 388
18 21 432
19 10 351
19 20 384
19 21 385
19 18 384
19 23 389
19 23 391
19 19 384
19 16 417
19 23 384
19 19 401
19 25 387
19 20 411
19 24 384
19 17 384
19 17 384
19 16 384
19 27 386
19 26 388
19 23 387
19 16 378
19 24 386
20 10 392
20 20 384
20 30 372
20 19 384
20 20 384
20 27 384
20 16 384
20 20 384
20 20 384
20 20 384
20 19 384
20 19 384
20 21 384
20 17 384
20 25 385
20 21 384
20 23 398
20 20 384
20 20 384
20 18 384
20 18 384
21 10 393
21 18 384
21 19 384
21 21 385
21 23 393
21 21 396
21 18 384
21 20 384
21 18 384
21 20 384
21 22 384
21 18 384
21 20 384
21 18 384
21 22 384
21 24 392
21 29 384
21 19 384
21 22 411
21 18 392
21 21 283
22 10 370
22 20 429
22 21 387
22 21 384
22 22 384
22 20 384
22 21 384
22 20 415
22 20 384
22 19 384
22 16 384
22 18 384
22 24 384
22 26 384
22 20 384
22 23 384
22 20 384
22 22 388
22 20 384
22 24 383
22 20 384
23 10 447
23 20 381
23 20 384
23 22 384
23 25 384
23 22 384
23 24 387
23 22 384
23 17 384
23 19 384
23 20 384
23 24 391
23 21 384
23 23 384
23 20 384
23 18 388
23 22 384
23 16 384
23 27 384
23 18 384
23 17 294
24 10 356
24 20 384
24 19 384
24 19 384
24 27 384
24 17 240
24 21 384
24 21 384
24 18 384
24 20 384
24 20 384
24 17 384
24 24 382
24 25 384
24 25 384
24 26 388
24 16 384
24 18 359
24 19 384
24 18 384
24 106 448
25 10 373
25 20 384
25 24 384
25 17 387
25 25 384
25 22 384
25 17 384
25 20 384
25 20 384
25 25 384
25 17 384
25 19 384
25 22 384
25 18 384
25 23 384
25 64 333
25 19 384
25 18 384
25 17 384
25 21 384
25 20 384
26 10 375
26 20 384
26 17 384
26 20 384
26 27 401
26 21 384
26 18 384
26 24 384
26 18 384
26 29 384
26 21 384
26 21 384
26 18 384
26 20 384
26 17 384
26 29 384
26 19 384
26 22 384
26 22 384
26 23 384
26 17 384
27 10 344
27 20 384
27 23 384
27 18 384
27 21 384
27 18 384
27 22 384
27 25 384
27 19 384
27 17 384
27 23 387
27 24 384
27 23 384
27 20 231
27 22 384
27 22 386
27 21 384
27 20 384
27 23 384
27 20 384
27 16 384
28 10 338
28 20 384
28 23 384
28 20 384
28 19 384
28 17 384
28 20 384
28 18 384
28 17 384
28 20 384
28 20 384
28 19 384
28 20 384
28 27 384
28 25 384
28 20 384
28 27 384
28 17 384
28 16 384
28 18 384
28 20 384
29 10 370
29 20 384
29 24 384
29 19 384
29 16 384
29 23 384
29 21 384
29 24 384
29 18 289
29 18 384
29 20 384
29 22 384
29 21 386
29 17 384
29 19 384
29 18 384
29 22 384
29 19 384
29 23 384
29 16 384
29 19 384
30 10 372
30 19 384
30 22 384
30 20 384
30 18 384
30 29 384
30 22 384
30 19 384
30 25 385
30 17 384
30 19 384
30 19 384
30 17 384
30 29 384
30 19 384
30 18 384
30 23 384
30 18 384
30 22 384
30 20 384
30 19 384
31 10 437
31 20 384
31 16 384
31 17 384
31 22 384
31 19 384
31 18 384
31 22 384
31 17 384
31 25 384
31 17 384
31 17 384
31 21 384
31 20 384
31 19 384
31 20 384
31 20 384
31 18 384
31 22 384
31 20 384
31 21 384
32 10 370
32 17 256
32 30 248
32 28 312
32 24 261
32 22 260
32 27 323
32 34 286
32 43 244
32 20 268
32 28 271
32 21 315
32 31 292
32 30 314
32 26 262
32 20 269
32 28 298
32 25 314
32 28 317
32 32 259
32 26 259
33 10 333
33 20 292
33 20 294
33 24 298
33 29 256
33 24 320
33 19 256
33 22 278
33 26 263
33 21 285
33 24 256
33 25 255
33 18 264
33 23 256
33 24 292
33 23 294
33 22 256
33 180 608
33 21 263
33 24 256
33 26 261
34 10 283
34 20 258
34 20 279
34 20 336
34 29 273
34 24 256
34 21 264
34 25 257
34 33 256
34 30 264
34 20 256
34 23 265
34 19 281
34 19 288
34 24 306
34 25 320
34 23 291
34 20 260
34 23 276
34 18 258
34 22 260
35 10 362
35 20 276
35 29 265
35 22 256
35 20 256
35 26 273
35 26 256
35 22 256
35 22 284
35 21 273
35 110 371
35 37 326
35 23 256
35 25 220
35 23 256
35 26 258
35 25 289
35 20 256
35 26 256
35 24 257
35 20 256
36 10 243
36 20 256
36 20 260
36 40 249
36 24 256
36 26 294
36 24 263
36 21 256
36 23 256
36 37 279
36 30 272
36 27 283
36 26 256
36 27 274
36 24 268
36 23 274
36 36 232
36 19 257
36 21 258
36 20 256
36 116 329
37 10 323
37 19 257
37 24 252
37 20 256
37 24 259
37 20 256
37 16 256
37 23 269
37 20 256
37 20 324
37 34 253
37 24 261
37 25 256
37 22 277
37 26 256
37 72 211
37 21 306
37 26 272
37 27 257
37 28 257
37 79 226
38 10 266
38 20 256
38 20 257
38 25 256
38 35 257
38 22 289
38 22 267
38 22 258
38 23 275
38 34 289
38 27 256
38 24 268
38 24 256
38 24 256
38 39 261
38 26 256
38 26 268
38 30 262
38 27 258
38 24 259
38 32 319
39 10 272
39 20 256
39 24 260
39 29 265
39 23 263
39 20 256
39 28 258
39 26 280
39 17 256
39 19 256
39 33 261
39 21 319
39 26 265
39 23 291
39 23 256
39 21 260
39 28 256
39 30 289
39 18 256
39 23 260
39 19 264
40 10 251
40 20 256
40 22 256
40 22 256
40 20 302
40 29 256
40 21 256
40 17 256
40 22 256
40 20 261
40 29 257
40 21 259
40 20 256
40 24 276
40 25 257
40 23 260
40 21 266
40 25 256
40 26 266
40 20 256
40 27 308
41 10 257
41 20 278
41 26 260
41 40 230
41 20 256
41 21 256
41 27 284
41 24 309
41 21 264
41 23 256
41 26 276
41 30 268
41 22 267
41 26 296
41 22 256
41 16 256
41 21 256
41 28 257
41 24 277
41 24 258
41 22 256
42 10 248
42 20 256
42 29 269
42 22 260
42 26 279
42 37 252
42 22 273
42 21 264
42 34 253
42 20 256
42 23 256
42 19 256
42 28 269
42 31 256
42 22 257
42 27 261
42 26 264
42 17 256
42 190 499
42 24 256
42 29 282
43 10 280
43 19 266
43 26 256
43 24 259
43 20 256
43 21 256
43 29 273
43 28 285
43 27 265
43 18 258
43 37 285
43 29 265
43 24 320
43 27 280
43 27 256
43 21 288
43 23 256
43 26 256
43 21 256
43 20 256
43 24 294
44 10 244
44 20 256
44 23 256
44 20 256
44 24 256
44 19 256
44 20 264
44 22 256
44 24 256
44 21 299
44 25 298
44 35 257
44 17 256
44 19 256
44 18 256
44 17 256
44 35 259
44 27 256
44 17 256
44 29 256
44 27 256
45 10 310
45 20 256
45 30 232
45 20 256
45 27 256
45 26 256
45 23 256
45 23 275
45 24 279
45 24 288
45 20 256
45 32 257
45 36 256
45 25 256
45 29 383
45 31 263
45 27 257
45 25 260
45 24 256
45 31 271
45 19 260
46 10 256
46 20 259
46 24 259
46 21 258
46 22 268
46 19 256
46 22 260
46 19 256
46 20 256
46 19 256
46 27 256
46 18 260
46 26 256
46 27 256
46 23 256
46 31 264
46 141 357
46 23 258
46 28 259
46 23 264
46 48 178
47 10 229
47 20 317
47 30 292
47 23 288
47 26 263
47 26 258
47 31 268
47 24 277
47 27 257
47 22 266
47 24 272
47 24 256
47 27 257
47 22 256
47 25 259
47 23 256
47 23 259
47 23 283
47 32 298
47 19 256
47 19 256
48 10 257
48 20 256
48 27 257
48 27 256
48 29 256
48 24 256
48 19 256
48 29 258
48 24 258
48 39 257
48 23 256
48 23 256
48 29 256
48 20 256
48 19 256
48 20 256
48 31 266
48 92 262
48 27 256
48 31 256
48 29 256
49 10 319
49 20 256
49 30 256
49 24 257
49 22 256
49 24 256
49 23 256
49 24 256
49 20 256
49 25 256
49 19 256
49 19 256
49 31 258
49 21 256
49 25 256
49 19 257
49 24 257
49 30 282
49 27 256
49 23 256
49 25 256
50 10 255
50 20 256
50 21 256
50 22 256
50 29 259
50 27 257
50 23 256
50 24 256
50 20 256
50 46 198
50 24 256
50 25 262
50 29 256
50 25 256
50 21 256
50 25 257
50 48 247
50 29 258
50 22 256
50 22 262
50 24 259
51 10 257
51 20 259
51 30 263
51 25 256
51 18 256
51 19 256
51 23 256
51 24 256
51 27 262
51 18 256
51 25 256
51 21 256
51 130 420
51 27 256
51 22 256
51 29 275
51 22 256
51 27 256
51 25 256
51 23 257
51 27 256
52 10 279
52 20 259
52 30 268
52 26 257
52 29 257
52 20 256
52 33 260
52 24 256
52 21 256
52 20 256
52 20 256
52 23 258
52 33 256
52 27 256
52 22 256
52 24 256
52 21 256
52 20 256
52 23 272
52 19 256
52 26 257
53 10 255
53 20 256
53 30 259
53 25 256
53 27 256
53 23 256
53 18 256
53 33 257
53 29 256
53 23 256
53 30 256
53 33 256
53 33 260
53 22 256
53 29 256
53 39 256
53 16 256
53 21 256
53 18 256
53 19 256
53 23 256
54 10 265
54 20 128
54 25 256
54 27 256
54 24 261
54 25 257
54 23 256
54 17 256
54 24 256
54 25 256
54 23 256
54 31 258
54 29 257
54 24 256
54 23 258
54 18 256
54 25 256
54 25 256
54 33 260
54 23 256
54 23 256
55 10 258
55 20 256
55 19 256
55 26 256
55 18 256
55 24 256
55 27 256
55 24 269
55 21 256
55 32 256
55 22 256
55 24 256
55 21 256
55 25 261
55 27 260
55 22 256
55 25 256
55 180 563
55 31 256
55 20 256
55 29 256
56 10 276
56 20 256
56 24 256
56 23 256
56 25 256
56 22 256
56 22 256
56 63 154
56 24 256
56 20 256
56 31 257
56 27 256
56 24 256
56 28 257
56 24 258
56 22 256
56 31 257
56 22 256
56 24 256
56 20 256
56 20 256
57 10 278
57 20 256
57 17 256
57 31 256
57 31 256
57 21 256
57 20 256
57 23 258
57 23 256
57 24 256
57 27 256
57 27 257
57 27 256
57 29 256
57 29 256
57 25 256
57 29 264
57 20 256
57 22 256
57 25 256
57 25 260
58 10 249
58 20 256
58 23 256
58 29 264
58 29 256
58 29 256
58 17 256
58 27 256
58 27 259
58 26 256
58 20 256
58 18 256
58 130 410
58 33 256
58 67 184
58 22 256
58 23 257
58 25 256
58 33 259
58 20 256
58 29 256
59 10 244
59 19 256
59 30 256
59 27 256
59 25 256
59 27 256
59 33 258
59 29 259
59 22 256
59 25 256
59 24 256
59 24 259
59 27 256
59 27 256
59 19 256
59 21 256
59 24 256
59 21 256
59 24 256
59 48 260
59 33 256
60 10 258
60 20 256
60 20 256
60 27 262
60 22 256
60 21 256
60 25 256
60 27 256
60 27 259
60 22 256
60 24 256
60 26 256
60 19 256
60 17 256
60 20 256
60 21 256
60 18 256
60 27 256
60 39 263
60 24 256
60 23 260
61 10 263
61 20 256
61 29 256
61 20 256
61 24 256
61 60 137
61 21 256
61 21 256
61 29 256
61 24 256
61 25 256
61 25 256
61 25 257
61 27 256
61 25 256
61 19 256
61 26 256
61 19 256
61 29 256
61 33 259
61 22 256
62 10 262
62 20 256
62 19 256
62 28 256
62 24 259
62 31 260
62 25 256
62 22 256
62 35 259
62 31 256
62 27 258
62 120 302
62 27 258
62 23 256
62 31 256
62 22 256
62 19 256
62 27 265
62 23 258
62 17 256
62 33 256
63 10 256
63 20 260
63 21 256
63 31 256
63 24 257
63 22 256
63 33 256
63 25 256
63 20 256
63 28 256
63 29 259
63 17 256
63 22 260
63 25 256
63 25 258
63 20 256
63 22 256
63 22 256
63 30 257
63 33 263
63 23 256
64 10 218
64 20 236
64 30 227
64 21 153
64 27 213
64 33 215
64 18 143
64 41 193
64 25 164
64 29 198
64 50 197
64 35 187
64 39 220
64 29 143
64 37 207
64 28 151
64 23 130
64 42 140
64 39 218
64 25 156
64 35 166
65 10 179
65 20 177
65 30 216
65 40 244
65 31 128
65 30 211
65 35 244
65 26 181
65 44 182
65 31 135
65 37 198
65 33 236
65 25 210
65 29 140
65 46 200
65 29 128
65 33 144
65 48 294
65 26 128
65 35 151
65 24 181
66 10 263
66 20 251
66 29 163
66 29 155
66 20 129
66 25 128
66 35 232
66 31 159
66 37 143
66 29 155
66 30 215
66 34 199
66 36 187
66 29 131
66 24 128
66 160 546
66 40 142
66 26 167
66 31 145
66 31 199
66 42 131
67 10 249
67 20 154
67 29 152
67 31 136
67 33 140
67 21 192
67 37 164
67 31 151
67 21 128
67 27 145
67 28 194
67 39 148
67 22 150
67 26 193
67 29 163
67 39 192
67 26 161
67 30 151
67 33 204
67 43 207
67 23 202
68 10 254
68 20 204
68 30 190
68 23 168
68 43 131
68 35 146
68 34 112
68 31 140
68 32 140
68 34 131
68 33 174
68 26 128
68 29 129
68 23 179
68 39 153
68 29 139
68 29 130
68 30 158
68 38 179
68 20 136
68 210 358
69 10 218
69 20 170
69 30 173
69 31 166
69 40 152
69 38 125
69 36 163
69 22 136
69 33 197
69 28 142
69 26 133
69 26 128
69 20 151
69 31 159
69 50 226
69 42 146
69 35 162
69 34 181
69 33 131
69 35 218
69 41 142
70 10 219
70 20 172
70 24 187
70 29 141
70 40 157
70 35 156
70 39 185
70 40 150
70 28 170
70 52 143
70 28 150
70 39 157
70 35 130
70 33 131
70 33 128
70 25 163
70 33 140
70 24 128
70 33 129
70 37 129
70 37 143
71 10 211
71 20 174
71 30 201
71 29 137
71 35 186
71 26 145
71 28 145
71 24 142
71 31 142
71 31 134
71 44 187
71 43 155
71 29 161
71 21 128
71 29 136
71 29 212
71 22 128
71 30 185
71 32 128
71 25 130
71 31 135
72 10 162
72 20 132
72 30 160
72 26 128
72 32 151
72 35 160
72 27 160
72 25 129
72 27 128
72 31 130
72 29 152
72 24 133
72 20 128
72 39 131
72 26 161
72 33 153
72 29 135
72 39 130
72 23 167
72 27 128
72 29 140
73 10 226
73 20 136
73 30 136
73 31 139
73 29 133
73 29 144
73 35 137
73 38 151
73 26 128
73 29 181
73 33 136
73 33 128
73 22 132
73 31 128
73 41 169
73 65 141
73 31 151
73 35 140
73 33 133
73 33 193
73 31 154
74 10 177
74 20 205
74 24 131
74 29 128
74 29 128
74 35 128
74 35 294
74 31 138
74 37 139
74 29 128
74 35 140
74 23 133
74 34 177
74 22 128
74 27 137
74 33 144
74 23 128
74 26 167
74 29 128
74 29 146
74 27 131
75 10 123
75 20 144
75 29 128
75 33 129
75 39 184
75 23 128
75 38 150
75 41 127
75 33 158
75 24 129
75 27 144
75 25 129
75 33 156
75 46 127
75 29 128
75 27 128
75 27 154
75 37 166
75 39 146
75 35 143
75 26 128
76 10 204
76 20 141
76 29 128
76 24 147
76 35 131
76 43 127
76 27 153
76 31 173
76 30 141
76 21 159
76 20 160
76 26 156
76 29 128
76 31 185
76 26 141
76 31 138
76 26 164
76 37 128
76 29 128
76 24 129
76 27 128
77 10 136
77 20 128
77 30 139
77 27 128
77 41 153
77 21 152
77 27 128
77 31 129
77 33 128
77 39 166
77 27 161
77 27 146
77 35 170
77 23 184
77 31 132
77 23 153
77 27 132
77 41 165
77 39 128
77 35 154
77 31 134
78 10 216
78 20 128
78 30 156
78 39 212
78 41 158
78 28 142
78 24 128
78 33 129
78 29 132
78 31 128
78 26 157
78 21 129
78 35 136
78 29 158
78 29 208
78 38 174
78 39 142
78 29 128
78 24 128
78 33 162
78 22 168
79 10 166
79 20 128
79 30 132
79 39 193
79 31 148
79 26 128
79 35 128
79 26 128
79 26 130
79 30 150
79 37 128
79 23 138
79 23 128
79 24 128
79 29 209
79 29 189
79 31 128
79 33 147
79 45 142
79 37 175
79 35 132
80 10 161
80 20 138
80 29 138
80 40 144
80 24 128
80 27 128
80 35 147
80 31 128
80 36 137
80 33 128
80 28 128
80 31 144
80 23 130
80 24 140
80 26 128
80 37 136
80 33 128
80 29 128
80 26 137
80 29 130
80 31 128
81 10 197
81 20 139
81 30 139
81 26 135
81 22 156
81 25 128
81 31 136
81 37 128
81 42 145
81 39 131
81 35 160
81 35 143
81 29 155
81 23 192
81 33 132
81 31 140
81 33 128
81 35 130
81 31 130
81 33 129
81 27 128
82 10 212
82 20 128
82 29 144
82 27 133
82 37 132
82 24 146
82 23 133
82 43 128
82 37 248
82 29 128
82 24 128
82 38 137
82 27 132
82 33 150
82 27 132
82 50 188
82 27 164
82 25 129
82 33 128
82 44 164
82 47 155
83 10 194
83 20 148
83 30 131
83 35 129
83 31 145
83 21 140
83 25 132
83 33 128
83 37 152
83 46 167
83 29 144
83 38 152
83 20 136
83 21 157
83 35 154
83 33 148
83 43 135
83 22 128
83 35 132
83 33 164
83 29 160
84 10 237
84 20 182
84 30 176
84 25 128
84 23 128
84 37 140
84 21 128
84 35 132
84 33 179
84 33 128
84 21 161
84 33 188
84 33 130
84 23 129
84 33 128
84 29 129
84 28 137
84 37 134
84 29 163
84 20 128
84 24 128
85 10 218
85 20 133
85 30 128
85 27 149
85 35 129
85 35 189
85 37 130
85 48 138
85 35 256
85 22 130
85 37 145
85 39 134
85 27 130
85 30 129
85 29 131
85 19 128
85 22 138
85 53 138
85 35 132
85 29 133
85 27 128
86 10 188
86 20 130
86 30 169
86 29 129
86 35 129
86 35 128
86 41 153
86 33 128
86 39 131
86 29 128
86 26 130
86 120 218
86 50 122
86 23 129
86 25 144
86 27 128
86 27 157
86 39 133
86 24 131
86 27 135
86 27 128
87 10 181
87 20 145
87 27 128
87 33 128
87 23 136
87 35 128
87 26 128
87 26 128
87 29 170
87 43 139
87 21 144
87 25 128
87 34 137
87 41 164
87 35 160
87 25 134
87 41 129
87 29 144
87 31 158
87 21 128
87 41 129
88 10 177
88 20 154
88 30 139
88 31 128
88 29 132
88 29 128
88 45 147
88 39 129
88 26 128
88 21 128
88 26 128
88 26 128
88 35 129
88 37 128
88 33 192
88 31 128
88 39 136
88 25 129
88 27 128
88 50 157
88 35 176
89 10 208
89 20 134
89 26 129
89 35 128
89 33 128
89 41 227
89 31 136
89 39 129
89 37 137
89 32 141
89 35 128
89 22 128
89 41 128
89 22 131
89 35 179
89 31 128
89 35 145
89 37 167
89 33 129
89 37 132
89 31 132
90 10 143
90 20 147
90 30 130
90 31 145
90 35 160
90 41 131
90 26 138
90 31 160
90 39 128
90 37 128
90 37 129
90 31 129
90 35 132
90 43 129
90 33 162
90 26 128
90 27 130
90 22 128
90 31 134
90 31 128
90 27 140
91 10 206
91 20 222
91 30 163
91 19 128
91 33 128
91 26 128
91 26 130
91 30 153
91 39 156
91 20 128
91 33 128
91 26 156
91 24 128
91 26 166
91 27 194
91 32 192
91 27 164
91 29 134
91 25 176
91 38 251
91 43 133
92 10 195
92 20 162
92 30 141
92 29 130
92 50 111
92 29 130
92 35 129
92 33 129
92 23 138
92 29 166
92 31 135
92 33 128
92 29 128
92 31 128
92 29 138
92 29 128
92 21 128
92 33 133
92 52 123
92 57 164
92 37 132
93 10 225
93 20 134
93 26 145
93 29 132
93 26 192
93 29 128
93 29 130
93 27 140
93 45 126
93 21 128
93 25 129
93 37 128
93 35 128
93 27 128
93 45 160
93 33 132
93 27 131
93 37 161
93 27 147
93 29 134
93 31 128
94 10 151
94 20 172
94 28 128
94 35 130
94 39 128
94 41 129
94 46 138
94 33 143
94 31 159
94 35 128
94 29 128
94 33 133
94 29 166
94 26 128
94 37 128
94 26 160
94 31 136
94 24 134
94 33 128
94 33 128
94 39 145
95 10 182
95 20 138
95 30 131
95 31 128
95 33 146
95 29 136
95 35 128
95 30 134
95 24 166
95 31 151
95 37 131
95 33 194
95 37 133
95 29 140
95 29 128
95 37 130
95 35 223
95 26 128
95 37 128
95 29 135
95 35 243
96 10 160
96 20 131
96 30 128
96 22 128
96 21 128
96 37 130
96 41 132
96 31 132
96 29 161
96 26 128
96 35 128
96 31 128
96 35 128
96 29 128
96 29 132
96 39 128
96 27 128
96 35 132
96 37 128
96 29 131
96 42 128
97 10 207
97 20 128
97 30 128
97 31 129
97 44 130
97 25 128
97 24 128
97 41 128
97 29 128
97 31 167
97 39 128
97 33 128
97 27 128
97 35 128
97 31 135
97 41 129
97 24 129
97 29 128
97 31 128
97 25 128
97 27 142
98 10 138
98 20 138
98 30 130
98 39 129
98 27 128
98 39 128
98 37 144
98 29 136
98 39 129
98 22 128
98 31 128
98 22 131
98 39 128
98 27 137
98 39 169
98 31 128
98 35 131
98 21 129
98 29 128
98 31 137
98 23 128
99 10 149
99 20 128
99 26 128
99 21 128
99 35 128
99 33 134
99 26 128
99 31 128
99 29 128
99 53 135
99 25 128
99 33 137
99 37 128
99 46 127
99 26 130
99 21 128
99 45 124
99 33 128
99 33 132
99 26 145
99 33 128
100 10 158
100 20 128
100 30 128
100 40 128
100 49 129
100 24 128
100 29 129
100 22 128
100 27 128
100 31 128
100 37 129
100 26 129
100 33 128
100 41 128
100 39 140
100 31 140
100 31 128
100 29 128
100 31 132
100 30 128
100 21 128
101 10 132
101 20 128
101 30 133
101 33 128
101 29 128
101 33 159
101 39 133
101 33 128
101 31 132
101 35 128
101 31 128
101 26 139
101 43 136
101 17 128
101 27 128
101 23 128
101 46 128
101 35 135
101 27 128
101 39 128
101 21 128
102 10 199
102 20 134
102 25 128
102 40 128
102 35 128
102 46 128
102 39 130
102 33 136
102 25 128
102 27 130
102 33 128
102 37 128
102 31 129
102 31 130
102 29 135
102 25 128
102 35 128
102 27 128
102 27 130
102 31 128
102 27 136
103 10 171
103 20 128
103 30 145
103 25 128
103 39 141
103 27 128
103 31 128
103 38 145
103 29 128
103 29 128
103 31 128
103 31 128
103 35 128
103 21 128
103 39 128
103 25 132
103 39 128
103 25 128
103 33 128
103 37 128
103 39 128
104 10 200
104 20 128
104 30 128
104 31 128
104 20 128
104 41 128
104 31 139
104 23 128
104 35 144
104 41 128
104 29 136
104 33 129
104 27 130
104 33 129
104 39 130
104 31 128
104 29 128
104 31 128
104 35 128
104 31 128
104 31 128
105 10 134
105 20 128
105 29 128
105 29 128
105 33 128
105 23 132
105 27 131
105 22 128
105 29 128
105 46 130
105 24 128
105 120 295
105 24 128
105 37 128
105 33 128
105 33 139
105 33 135
105 41 129
105 27 128
105 27 128
105 35 128
106 10 148
106 20 133
106 30 138
106 29 137
106 33 128
106 29 138
106 33 130
106 37 140
106 48 129
106 24 132
106 27 128
106 29 128
106 33 138
106 41 131
106 31 140
106 35 128
106 21 128
106 41 128
106 29 132
106 39 130
106 26 128
107 10 228
107 20 128
107 25 128
107 31 129
107 33 128
107 31 128
107 22 128
107 33 128
107 45 134
107 29 128
107 37 138
107 32 136
107 31 134
107 31 128
107 33 129
107 27 128
107 33 128
107 37 148
107 29 130
107 35 128
107 25 128
108 10 151
108 20 128
108 30 128
108 39 136
108 39 129
108 31 130
108 41 132
108 37 131
108 27 128
108 37 132
108 31 128
108 27 128
108 25 130
108 48 136
108 39 128
108 37 131
108 25 128
108 31 128
108 31 128
108 29 128
108 29 131
109 10 210
109 20 128
109 30 130
109 39 139
109 29 132
109 43 131
109 35 136
109 39 134
109 24 144
109 35 131
109 24 128
109 33 128
109 31 128
109 45 129
109 29 129
109 33 131
109 39 139
109 48 130
109 27 128
109 35 128
109 33 128
110 10 135
110 20 128
110 27 128
110 40 132
110 41 134
110 35 128
110 33 131
110 29 129
110 31 128
110 100 156
110 31 128
110 35 128
110 25 128
110 43 129
110 25 132
110 35 128
110 29 128
110 33 128
110 50 128
110 31 128
110 24 128
111 10 157
111 20 128
111 30 128
111 27 128
111 35 128
111 33 128
111 31 128
111 27 128
111 37 128
111 33 128
111 31 128
111 39 128
111 35 128
111 29 128
111 29 128
111 39 128
111 35 128
111 29 131
111 24 128
111 35 133
111 31 129
112 10 134
112 20 128
112 30 128
112 39 130
112 33 131
112 27 132
112 37 128
112 35 130
112 27 140
112 47 128
112 35 128
112 31 131
112 17 128
112 29 128
112 48 128
112 35 128
112 27 128
112 29 128
112 29 128
112 31 128
112 39 128
113 10 140
113 20 128
113 30 128
113 31 128
113 33 128
113 33 128
113 31 128
113 29 128
113 24 128
113 44 132
113 43 129
113 29 132
113 41 138
113 29 128
113 33 128
113 33 128
113 27 128
113 26 128
113 41 128
113 27 129
113 38 135
114 10 173
114 20 128
114 23 128
114 24 128
114 25 128
114 33 128
114 29 128
114 24 128
114 25 128
114 25 128
114 27 137
114 24 128
114 24 128
114 37 128
114 29 136
114 33 128
114 27 128
114 46 129
114 41 130
114 35 136
114 31 134
115 10 144
115 20 129
115 30 136
115 33 128
115 44 128
115 25 128
115 29 128
115 31 128
115 37 139
115 39 128
115 27 128
115 27 128
115 24 128
115 39 128
115 29 128
115 28 128
115 35 128
115 27 128
115 48 128
115 29 128
115 27 128
116 10 137
116 20 129
116 30 134
116 31 128
116 37 128
116 40 128
116 29 129
116 37 130
116 33 128
116 27 128
116 29 132
116 29 130
116 35 143
116 33 128
116 29 128
116 26 128
116 41 131
116 35 128
116 29 131
116 32 130
116 35 144
117 10 136
117 20 128
117 27 128
117 31 128
117 27 129
117 27 128
117 32 128
117 29 128
117 43 128
117 25 128
117 26 128
117 21 128
117 33 128
117 23 128
117 35 128
117 41 128
117 29 128
117 39 128
117 37 128
117 29 135
117 31 128
118 10 172
118 20 128
118 30 128
118 37 128
118 29 128
118 43 131
118 27 128
118 26 129
118 31 161
118 31 133
118 39 128
118 27 128
118 35 128
118 43 138
118 46 128
118 35 129
118 30 155
118 41 140
118 29 129
118 33 128
118 39 144
119 10 182
119 20 128
119 29 128
119 33 139
119 32 129
119 47 128
119 41 128
119 41 128
119 56 134
119 25 128
119 26 128
119 27 130
119 28 128
119 29 128
119 33 128
119 35 128
119 27 128
119 26 128
119 35 128
119 29 128
119 26 128
120 10 141
120 20 128
120 30 128
120 27 128
120 35 129
120 43 128
120 27 128
120 29 128
120 26 128
120 35 128
120 39 128
120 41 130
120 35 128
120 35 130
120 33 128
120 36 128
120 23 128
120 26 131
120 25 128
120 23 133
120 35 128
121 10 143
121 20 128
121 30 128
121 24 132
121 37 131
121 26 132
121 31 129
121 29 128
121 32 132
121 21 128
121 35 128
121 39 141
121 35 128
121 42 132
121 35 128
121 37 144
121 29 128
121 24 128
121 27 128
121 25 128
121 29 128
122 10 148
122 20 128
122 30 131
122 31 130
122 35 129
122 41 128
122 26 128
122 26 128
122 33 156
122 35 128
122 45 128
122 37 128
122 31 135
122 23 128
122 26 128
122 29 130
122 29 128
122 40 128
122 35 128
122 18 128
122 34 133
123 10 144
123 20 129
123 29 128
123 39 128
123 33 128
123 31 172
123 23 128
123 29 131
123 41 128
123 29 128
123 41 129
123 37 128
123 23 128
123 41 128
123 30 128
123 46 128
123 23 128
123 35 128
123 25 128
123 47 128
123 31 132
124 10 136
124 20 128
124 30 128
124 39 136
124 31 128
124 33 128
124 55 137
124 26 128
124 35 128
124 33 128
124 33 128
124 41 128
124 35 128
124 30 131
124 37 128
124 48 129
124 27 128
124 36 128
124 41 128
124 24 128
124 21 128
125 10 144
125 20 128
125 30 127
125 25 128
125 31 128
125 37 128
125 33 130
125 25 133
125 38 128
125 37 128
125 33 129
125 31 128
125 29 128
125 28 128
125 25 128
125 35 129
125 33 135
125 27 134
125 29 128
125 29 129
125 27 128
126 10 131
126 20 128
126 29 128
126 33 136
126 23 128
126 35 128
126 22 128
126 39 134
126 25 128
126 26 128
126 25 128
126 35 128
126 29 141
126 29 128
126 33 128
126 45 128
126 26 128
126 39 128
126 26 128
126 29 128
126 29 128
127 10 167
127 20 130
127 30 134
127 24 128
127 37 128
127 24 128
127 25 128
127 39 128
127 28 128
127 35 128
127 25 128
127 33 132
127 29 128
127 37 128
127 24 128
127 31 128
127 31 128
127 45 128
127 35 129
127 37 128
127 27 128
128 10 160
128 20 128
128 30 142
128 37 149
128 50 246
128 44 105
128 36 92
128 34 138
128 47 170
128 40 63
128 34 88
128 48 118
128 36 112
128 36 111
128 54 177
128 38 86
128 50 177
128 36 124
128 43 114
128 47 108
128 54 50
129 10 133
129 20 130
129 30 127
129 40 77
129 50 104
129 34 82
129 46 87
129 43 74
129 41 118
129 43 83
129 44 57
129 28 78
129 45 116
129 46 98
129 46 128
129 38 110
129 42 58
129 46 57
129 52 88
129 35 43
129 40 111
130 10 138
130 20 133
130 30 155
130 35 41
130 33 70
130 42 122
130 43 11
130 35 0
131 10 139
131 20 108
131 30 96
131 40 148
131 40 83
131 35 53
131 52 92
131 44 67
131 49 101
131 52 108
131 27 1
131 47 153
131 42 3
131 43 16
131 35 112
131 29 32
131 35 0
132 10 109
132 20 105
132 30 31
132 33 2
132 32 2
132 42 64
132 29 0
133 10 173
133 20 83
133 30 34
133 38 0
134 10 101
134 20 74
134 30 155
134 40 55
134 38 4
134 37 40
134 41 86
134 42 98
134 38 84
134 29 96
134 31 16
134 31 34
134 50 108
134 38 48
134 44 61
134 49 0
135 10 114
135 20 83
135 30 138
135 40 64
135 38 71
135 42 77
135 40 95
135 41 32
135 32 131
135 40 63
135 41 128
135 45 0
136 10 159
136 20 1
136 30 129
136 40 5
136 46 158
136 36 68
136 51 176
136 32 68
136 36 16
136 47 89
136 36 47
136 40 53
136 45 64
136 40 10
136 47 99
136 31 0
137 10 114
137 20 57
137 30 80
137 38 65
137 50 93
137 42 10
137 40 42
137 46 100
137 33 51
137 40 17
137 50 52
137 39 98
137 35 49
137 35 65
137 41 0
138 10 197
138 20 49
138 30 41
138 40 112
138 45 38
138 32 4
138 42 72
138 41 24
138 34 14
138 42 140
138 39 70
138 35 0
139 10 139
139 20 135
139 30 133
139 32 79
139 34 16
139 41 131
139 40 22
139 55 129
139 41 52
139 49 85
139 48 98
139 34 27
139 29 2
139 35 12
139 39 2
139 32 19
139 36 14
139 39 53
139 45 31
139 35 5
139 49 115
140 10 183
140 20 86
140 30 13
140 40 66
140 40 3
140 33 4
140 34 128
140 38 10
140 42 133
140 46 76
140 35 5
140 35 1
140 49 192
140 35 64
140 36 110
140 39 76
140 37 33
140 43 128
140 35 55
140 40 58
140 35 11
141 10 72
141 20 75
141 30 133
141 40 32
141 40 28
141 37 16
141 30 5
141 44 35
141 44 34
141 39 12
141 43 37
141 33 101
141 41 22
141 43 22
141 43 80
141 41 2
141 42 122
141 43 131
141 44 141
141 41 78
141 44 0
142 10 128
142 20 35
142 30 0
143 10 122
143 20 52
143 30 74
143 40 190
143 30 0
144 10 68
144 20 81
144 30 27
144 29 1
144 50 19
144 36 7
144 40 12
144 34 79
144 42 133
144 31 36
144 42 0
145 10 195
145 20 91
145 28 7
145 40 60
145 44 129
145 38 18
145 43 129
145 38 10
145 32 0
146 10 73
146 20 87
146 24 2
146 40 0
147 10 91
147 20 23
147 30 53
147 40 13
147 36 4
147 33 2
147 35 46
147 38 42
147 30 0
148 10 108
148 20 108
148 30 78
148 40 184
148 45 0
149 10 96
149 20 11
149 30 0
150 10 60
150 20 1
150 30 74
150 26 0
151 10 107
151 20 7
151 30 44
151 34 2
151 41 24
151 41 0
152 10 61
152 20 9
152 30 24
152 37 32
152 50 60
152 51 198
152 35 48
152 44 0
153 10 85
153 20 12
153 30 6
153 40 16
153 31 41
153 45 0
154 10 61
154 20 61
154 30 5
154 28 0
155 10 49
155 20 77
155 30 4
155 40 35
155 39 132
155 40 8
155 43 3
155 41 64
155 38 5
155 43 20
155 40 1
155 39 0
156 10 138
156 20 12
156 30 38
156 35 62
156 41 0
157 10 100
157 20 104
157 30 0
158 10 138
158 20 146
158 30 2
158 40 0
159 10 87
159 20 138
159 30 0
160 10 170
160 20 7
160 24 0
161 10 113
161 20 9
161 30 4
161 38 10
161 36 1
161 33 0
162 10 52
162 20 108
162 30 83
162 40 0
163 10 130
163 20 124
163 30 8
163 35 30
163 30 0
164 10 132
164 20 15
164 30 0
165 10 119
165 20 50
165 30 0
166 10 89
166 20 118
166 30 0
167 10 82
167 20 27
167 30 0
168 10 63
168 20 0
169 10 147
169 20 1
169 30 3
169 32 32
169 36 0
170 10 174
170 20 0
171 10 84
171 20 99
171 30 155
171 30 0
172 10 120
172 20 24
172 30 0
173 10 69
173 20 126
173 30 64
173 40 0
174 10 99
174 20 109
174 30 0
175 10 99
175 20 126
175 30 38
175 33 0
176 10 58
176 20 3
176 30 6
176 35 0
177 10 78
177 20 2
177 30 2
177 40 58
177 39 2
177 28 0
178 10 54
178 20 105
178 28 0
179 10 16
179 20 117
179 30 0
180 10 79
180 20 34
180 30 114
180 35 128
180 41 0
181 10 107
181 20 56
181 30 8
181 38 0
182 10 138
182 20 126
182 30 0
183 10 13
183 20 52
183 30 128
183 35 0
184 10 166
184 20 0
185 10 105
185 20 1
185 30 0
186 10 39
186 20 138
186 30 128
186 32 11
186 45 2
186 33 0
187 10 67
187 20 44
187 30 128
187 35 0
188 10 60
188 20 117
188 30 98
188 40 64
188 48 8
188 35 0
189 10 79
189 20 37
189 30 0
190 10 82
190 20 65
190 30 0
191 10 58
191 20 17
191 30 0
192 10 13
192 20 108
192 30 0
193 10 76
193 20 1
193 30 13
193 40 0
194 10 32
194 20 4
194 30 1
194 37 12
194 48 1
194 44 0
195 10 121
195 20 48
195 30 41
195 40 10
195 38 43
195 37 0
196 10 21
196 20 36
196 30 0
197 10 72
197 20 24
197 30 0
198 10 102
198 20 7
198 30 0
199 10 91
199 20 0
200 10 14
200 20 0
201 10 36
201 20 0
202 10 74
202 20 0
203 10 19
203 20 0
204 10 21
204 20 0
205 10 45
205 20 0
206 10 103
206 20 34
206 30 0
207 10 29
207 20 0
208 10 8
208 20 3
208 30 0
209 10 22
209 20 38
209 30 0
210 10 8
210 20 6
210 30 0
211 10 78
211 20 0
212 10 44
212 20 0
213 10 76
213 20 0
214 10 77
214 20 0
215 10 27
215 20 0
216 10 38
216 20 4
216 30 0
217 10 21
217 20 0
218 10 7
218 20 0
219 10 136
219 20 2
219 30 0
220 10 44
220 20 0
221 10 45
221 20 34
221 30 0
222 10 78
222 20 0
223 10 14
223 20 0
224 10 64
224 20 0
225 10 47
225 20 0
226 10 11
226 20 0
227 10 11
227 20 0
228 10 42
228 20 0
229 10 45
229 20 0
230 10 32
230 20 0
231 10 46
231 20 0
232 10 39
232 20 0
233 10 68
233 20 0
234 10 71
234 20 0
235 10 46
235 20 0
236 10 54
236 20 0
237 10 2
237 20 0
238 10 119
238 20 0
239 10 66
239 20 0
240 10 76
240 20 10
240 30 0
241 10 5
241 20 0
242 10 11
242 20 0
243 10 10
243 20 0
244 10 47
244 20 0
245 10 48
245 20 0
246 10 8
246 20 0
247 10 55
247 20 0
248 10 40
248 20 0
249 10 50
249 20 0
250 10 48
250 20 0
251 10 9
251 20 0
252 10 74
252 20 0
253 10 0
254 10 144
254 20 0
255 10 98
255 20 14
255 30 0
