0 7 1024
0 7 1024
0 7 1024
0 7 1024
0 7 1024
0 7 1024
0 7 1024
0 7 1024
0 7 1024
0 7 1024
0 7 1024
0 7 1024
0 7 1024
0 7 1024
0 7 1024
0 7 1024
0 7 1024
0 7 1024
0 7 1024
0 7 1024
0 7 1024
1 10 1023
1 20 1023
1 25 1023
1 22 1023
1 26 1023
1 20 1023
1 26 1023
1 22 1023
1 23 1023
1 21 1023
1 24 1023
1 27 1023
1 22 1023
1 25 1023
1 26 1023
1 27 1023
1 27 1023
1 28 1023
1 27 1023
1 26 1023
1 24 1023
2 10 1024
2 20 1022
2 22 1022
2 31 1022
2 29 1022
2 30 1022
2 35 1021
2 80 997
2 30 1022
2 27 1022
2 29 1022
2 28 1022
2 23 1022
2 26 1022
2 28 1022
2 28 1021
2 63 997
2 28 1021
2 33 1021
2 31 1022
2 31 1022
3 10 1021
3 20 1020
3 27 1020
3 32 1020
3 50 1017
3 26 1020
3 28 1020
3 29 1020
3 33 1020
3 30 1020
3 29 1020
3 31 1020
3 33 1020
3 29 1020
3 29 1020
3 26 1020
3 26 1020
3 26 1020
3 30 1020
3 30 1020
3 29 1020
4 10 1019
4 20 1015
4 29 1016
4 35 1018
4 34 1018
4 60 1018
4 31 1017
4 75 1011
4 45 1016
4 100 961
4 37 1016
4 27 1018
4 29 1017
4 27 1019
4 27 1017
4 31 1016
4 33 1016
4 31 1014
4 30 1014
4 29 1017
4 31 1014
5 10 1018
5 20 1016
5 30 1014
5 30 1014
5 32 1014
5 33 1016
5 27 1016
5 80 1020
5 90 933
5 32 1014
5 32 1016
5 33 1014
5 39 1013
5 32 1015
5 35 1017
5 30 1014
5 35 1014
5 29 1014
5 33 1014
5 32 1016
5 33 1014
6 10 1020
6 20 1012
6 30 1013
6 40 1018
6 50 984
6 45 1012
6 35 1012
6 34 1012
6 32 1012
6 33 1012
6 45 1012
6 35 1012
6 44 1012
6 25 1012
6 33 1012
6 35 1012
6 33 1013
6 33 1012
6 45 1012
6 45 1012
6 28 1012
7 10 1009
7 20 1012
7 30 1012
7 40 1019
7 31 1012
7 60 1012
7 29 1012
7 76 972
7 90 992
7 98 937
7 30 1012
7 33 1012
7 35 1012
7 60 1012
7 37 1012
7 160 907
7 43 1012
7 29 1012
7 71 1012
7 32 1012
7 54 1012
8 10 1005
8 20 1000
8 30 1008
8 31 998
8 50 1000
8 60 1004
8 35 1008
8 30 1005
8 55 994
8 33 1002
8 32 1008
8 36 1000
8 130 993
8 36 1008
8 45 1000
8 93 997
8 70 997
8 42 1004
8 190 882
8 200 947
8 28 1002
9 10 999
9 20 1003
9 30 1000
9 30 1002
9 37 1003
9 37 1000
9 70 923
9 80 963
9 90 998
9 100 1003
9 48 1001
9 120 941
9 130 983
9 44 1002
9 32 1004
9 31 996
9 62 994
9 34 1000
9 190 841
9 35 1002
9 35 1004
10 10 975
10 20 1000
10 30 998
10 40 1002
10 50 975
10 60 1005
10 70 988
10 45 995
10 90 888
10 100 888
10 38 1000
10 120 967
10 130 980
10 82 996
10 150 1006
10 38 998
10 38 996
10 180 989
10 32 996
10 43 998
10 35 996
11 10 1016
11 20 996
11 30 980
11 30 996
11 50 998
11 36 994
11 53 992
11 80 939
11 90 989
11 36 996
11 31 996
11 40 996
11 130 964
11 31 996
11 150 880
11 41 997
11 30 996
11 180 964
11 35 998
11 30 992
11 31 996
12 10 1013
12 20 994
12 30 993
12 34 992
12 50 1006
12 60 995
12 70 976
12 72 994
12 90 968
12 72 992
12 41 992
12 77 996
12 130 933
12 140 957
12 150 964
12 160 879
12 34 992
12 89 996
12 145 963
12 131 996
12 210 943
13 10 992
13 20 994
13 30 994
13 40 996
13 31 992
13 31 992
13 70 994
13 40 992
13 90 863
13 100 909
13 110 994
13 55 992
13 130 978
13 59 993
13 87 992
13 62 995
13 33 992
13 62 994
13 174 912
13 200 893
13 42 992
14 10 951
14 20 984
14 30 992
14 36 992
14 50 996
14 60 992
14 70 992
14 80 931
14 90 930
14 81 992
14 110 994
14 120 936
14 114 995
14 103 993
14 42 992
14 89 928
14 170 994
14 180 919
14 190 863
14 200 902
14 39 992
15 10 1001
15 20 988
15 30 984
15 40 1002
15 50 992
15 60 994
15 42 992
15 80 970
15 39 992
15 91 860
15 33 992
15 99 864
15 38 992
15 36 992
15 93 992
15 36 992
15 37 992
15 75 992
15 190 968
15 101 872
15 146 812
16 10 928
16 20 973
16 30 980
16 40 973
16 50 977
16 40 952
16 70 968
16 80 817
16 35 956
16 100 952
16 110 983
16 39 962
16 130 979
16 96 959
16 37 958
16 72 973
16 165 799
16 180 803
16 190 975
16 200 879
16 41 945
17 10 989
17 20 955
17 30 963
17 40 960
17 50 954
17 60 963
17 70 968
17 80 950
17 90 885
17 100 948
17 110 853
17 120 975
17 43 960
17 140 880
17 150 919
17 160 890
17 42 953
17 180 892
17 190 902
17 34 968
17 32 964
18 10 990
18 20 960
18 30 954
18 40 952
18 50 960
18 60 965
18 70 907
18 42 930
18 90 937
18 100 893
18 28 960
18 120 879
18 74 959
18 60 950
18 141 773
18 160 852
18 170 884
18 130 928
18 190 923
18 200 903
18 109 878
19 10 976
19 20 964
19 30 974
19 40 952
19 40 973
19 34 960
19 70 952
19 54 962
19 90 876
19 93 805
19 43 960
19 120 941
19 35 957
19 75 964
19 150 838
19 160 816
19 170 896
19 180 927
19 190 853
19 200 740
19 126 955
20 10 976
20 20 945
20 30 954
20 40 972
20 50 947
20 60 953
20 70 936
20 80 970
20 90 892
20 100 807
20 49 954
20 56 943
20 43 954
20 140 935
20 150 796
20 36 954
20 170 980
20 50 952
20 54 952
20 200 788
20 210 965
21 10 990
21 20 930
21 30 952
21 40 956
21 50 954
21 49 929
21 52 961
21 80 892
21 90 898
21 100 882
21 38 934
21 68 956
21 67 931
21 140 814
21 43 952
21 37 952
21 48 952
21 180 958
21 150 886
21 200 901
21 131 886
22 10 954
22 20 949
22 30 960
22 40 957
22 50 950
22 60 948
22 68 948
22 80 953
22 90 937
22 100 904
22 37 956
22 120 948
22 82 928
22 140 926
22 57 947
22 55 952
22 133 958
22 180 855
22 190 707
22 74 956
22 116 964
23 10 843
23 20 953
23 30 957
23 40 957
23 50 940
23 60 954
23 70 964
23 80 952
23 90 884
23 100 908
23 110 954
23 120 771
23 130 924
23 140 780
23 123 932
23 95 946
23 170 765
23 180 763
23 38 945
23 47 947
23 47 948
24 10 904
24 20 951
24 30 945
24 40 944
24 50 876
24 60 950
24 70 954
24 80 956
24 90 881
24 59 946
24 41 944
24 120 790
24 130 958
24 140 897
24 48 945
24 84 915
24 170 888
24 180 779
24 190 962
24 200 871
24 116 948
25 10 940
25 20 950
25 30 926
25 40 944
25 50 949
25 60 960
25 70 956
25 80 852
25 77 947
25 100 891
25 110 913
25 120 923
25 130 949
25 140 878
25 150 828
25 129 946
25 63 948
25 180 846
25 147 720
25 41 945
25 210 848
26 10 905
26 20 949
26 30 944
26 40 946
26 50 952
26 60 948
26 49 944
26 40 947
26 90 950
26 100 849
26 83 947
26 120 902
26 130 715
26 140 876
26 45 944
26 56 946
26 170 866
26 180 859
26 169 880
26 200 879
26 146 949
27 10 870
27 20 941
27 30 958
27 40 963
27 50 952
27 60 950
27 70 915
27 80 945
27 82 923
27 62 926
27 110 949
27 120 906
27 68 945
27 49 944
27 150 886
27 160 850
27 130 950
27 180 722
27 190 791
27 200 908
27 210 901
28 10 939
28 20 945
28 30 948
28 31 944
28 50 944
28 60 944
28 70 897
28 80 894
28 57 944
28 100 944
28 110 689
28 120 866
28 130 951
28 140 947
28 150 914
28 72 944
28 170 824
28 63 944
28 190 775
28 192 899
28 81 899
29 10 930
29 20 945
29 30 928
29 40 923
29 50 944
29 60 949
29 70 949
29 80 920
29 90 944
29 46 944
29 65 944
29 120 935
29 130 828
29 84 944
29 150 873
29 160 938
29 92 899
29 180 838
29 190 873
29 200 784
29 87 945
30 10 867
30 20 949
30 30 944
30 40 945
30 50 945
30 60 944
30 70 952
30 80 909
30 81 945
30 100 889
30 46 945
30 52 944
30 130 885
30 38 944
30 150 783
30 160 813
30 170 853
30 180 886
30 190 891
30 72 929
30 52 944
31 10 949
31 20 927
31 30 945
31 40 944
31 50 944
31 60 954
31 70 944
31 56 944
31 90 866
31 52 944
31 110 914
31 65 944
31 130 831
31 140 857
31 125 908
31 160 759
31 170 925
31 180 885
31 76 944
31 200 836
31 121 944
32 10 813
32 20 856
32 30 877
32 40 920
32 50 911
32 60 878
32 70 902
32 80 747
32 90 871
32 50 892
32 70 880
32 120 815
32 47 880
32 48 878
32 70 879
32 160 787
32 170 876
32 139 867
32 190 785
32 200 688
32 210 812
33 10 868
33 20 894
33 30 910
33 40 859
33 50 874
33 60 887
33 70 883
33 80 888
33 56 860
33 100 735
33 110 763
33 120 845
33 130 827
33 140 868
33 150 846
33 160 748
33 170 774
33 180 832
33 190 842
33 200 747
33 39 896
34 10 944
34 20 867
34 30 902
34 40 882
34 50 850
34 60 872
34 70 888
34 80 820
34 68 865
34 100 790
34 110 770
34 120 674
34 130 863
34 73 886
34 150 824
34 160 827
34 170 734
34 45 827
34 76 837
34 108 812
34 210 797
35 10 854
35 20 866
35 30 890
35 40 854
35 50 896
35 60 892
35 46 881
35 52 859
35 90 826
35 62 870
35 110 825
35 73 893
35 130 796
35 75 860
35 150 740
35 160 740
35 170 794
35 180 726
35 190 826
35 85 839
35 210 671
36 10 874
36 20 865
36 30 871
36 40 869
36 50 874
36 60 876
36 70 785
36 80 765
36 90 806
36 100 884
36 55 846
36 50 865
36 64 847
36 140 938
36 76 856
36 160 797
36 170 808
36 180 689
36 190 695
36 200 814
36 61 850
37 10 853
37 20 868
37 30 871
37 40 870
37 50 898
37 60 858
37 70 859
37 80 828
37 55 849
37 100 687
37 45 864
37 120 773
37 130 835
37 140 848
37 150 784
37 137 852
37 170 803
37 180 820
37 114 872
37 34 864
37 210 803
38 10 852
38 20 862
38 30 874
38 40 867
38 50 858
38 60 870
38 70 818
38 53 828
38 43 849
38 100 738
38 110 713
38 120 800
38 130 827
38 140 754
38 150 815
38 160 781
38 170 740
38 180 777
38 190 668
38 200 680
38 210 822
39 10 775
39 20 879
39 30 865
39 40 882
39 50 860
39 60 866
39 70 857
39 80 815
39 90 709
39 60 864
39 110 739
39 39 832
39 130 796
39 140 682
39 150 845
39 160 788
39 170 734
39 180 676
39 190 889
39 200 756
39 210 805
40 10 913
40 20 819
40 30 883
40 40 848
40 50 858
40 46 834
40 70 823
40 51 861
40 78 871
40 80 852
40 110 787
40 120 755
40 130 800
40 57 838
40 60 850
40 160 825
40 170 858
40 180 806
40 190 723
40 200 832
40 210 642
41 10 863
41 20 852
41 30 858
41 40 836
41 50 881
41 43 832
41 70 831
41 80 864
41 90 809
41 100 872
41 110 780
41 120 850
41 130 758
41 140 786
41 150 749
41 160 759
41 170 709
41 73 852
41 190 779
41 193 805
41 210 690
42 10 810
42 20 850
42 30 864
42 34 835
42 50 854
42 60 854
42 70 830
42 59 848
42 90 833
42 100 795
42 62 838
42 120 783
42 130 755
42 140 717
42 150 750
42 160 865
42 42 843
42 180 832
42 190 577
42 82 815
42 210 825
43 10 861
43 20 873
43 30 832
43 40 848
43 50 811
43 60 852
43 70 867
43 80 810
43 90 847
43 100 751
43 110 808
43 120 722
43 130 706
43 140 774
43 150 739
43 160 839
43 161 730
43 180 758
43 190 700
43 200 796
43 210 754
44 10 848
44 20 844
44 30 850
44 40 841
44 50 842
44 60 865
44 70 876
44 80 807
44 90 837
44 100 819
44 110 786
44 120 792
44 130 816
44 140 846
44 150 751
44 160 694
44 56 846
44 180 742
44 89 812
44 200 804
44 210 805
45 10 854
45 20 852
45 30 840
45 40 844
45 50 835
45 60 833
45 70 780
45 80 810
45 90 792
45 100 866
45 110 792
45 120 839
45 130 767
45 57 849
45 150 665
45 160 730
45 170 785
45 180 820
45 48 850
45 200 848
45 210 743
46 10 868
46 20 864
46 30 844
46 40 865
46 50 848
46 60 844
46 70 838
46 41 833
46 74 836
46 53 836
46 110 766
46 44 848
46 130 776
46 140 751
46 150 743
46 52 845
46 170 839
46 180 753
46 117 810
46 200 695
46 210 710
47 10 829
47 20 869
47 30 832
47 40 858
47 50 852
47 60 839
47 70 858
47 80 744
47 90 817
47 67 843
47 110 776
47 120 853
47 130 655
47 140 788
47 150 683
47 106 869
47 170 806
47 180 783
47 190 746
47 59 837
47 51 855
48 10 762
48 20 842
48 30 834
48 40 833
48 50 860
48 60 839
48 70 840
48 80 857
48 90 734
48 100 818
48 110 821
48 120 835
48 130 742
48 140 796
48 46 832
48 160 690
48 42 832
48 180 847
48 190 789
48 200 835
48 210 797
49 10 798
49 20 840
49 30 856
49 40 832
49 50 836
49 60 852
49 70 835
49 80 832
49 90 805
49 100 755
49 74 836
49 120 764
49 130 680
49 140 723
49 130 817
49 160 732
49 170 620
49 180 648
49 190 764
49 200 681
49 210 792
50 10 836
50 20 833
50 30 836
50 40 832
50 50 853
50 60 838
50 70 832
50 47 834
50 49 832
50 100 767
50 110 727
50 120 815
50 130 834
50 140 763
50 150 740
50 160 718
50 170 700
50 87 770
50 158 806
50 78 841
50 210 726
51 10 861
51 20 840
51 30 832
51 40 832
51 38 821
51 60 838
51 70 811
51 80 723
51 90 844
51 100 833
51 64 842
51 120 740
51 119 811
51 104 840
51 61 832
51 57 832
51 170 739
51 180 690
51 190 702
51 60 841
51 210 863
52 10 808
52 20 822
52 30 842
52 40 840
52 50 832
52 60 834
52 66 837
52 80 757
52 90 818
52 56 833
52 110 799
52 56 832
52 130 766
52 140 796
52 150 822
52 160 733
52 170 732
52 180 610
52 54 832
52 200 694
52 210 769
53 10 832
53 20 855
53 30 838
53 40 864
53 50 832
53 60 838
53 70 836
53 80 849
53 90 821
53 100 808
53 110 679
53 91 832
53 49 839
53 140 797
53 150 768
53 73 835
53 170 613
53 180 696
53 190 690
53 200 775
53 210 690
54 10 745
54 20 846
54 30 904
54 40 832
54 50 818
54 60 841
54 70 790
54 45 832
54 62 835
54 100 755
54 110 633
54 120 657
54 130 749
54 86 804
54 150 736
54 160 837
54 62 838
54 180 713
54 190 700
54 200 733
54 56 832
55 10 784
55 20 844
55 30 836
55 40 836
55 50 835
55 60 836
55 70 805
55 80 836
55 90 658
55 100 791
55 110 833
55 65 837
55 115 816
55 55 832
55 150 812
55 160 804
55 170 840
55 180 591
55 190 695
55 200 642
55 98 816
56 10 824
56 20 837
56 30 842
56 40 832
56 50 832
56 60 836
56 66 832
56 55 832
56 90 783
56 53 832
56 110 755
56 120 709
56 130 746
56 140 800
56 150 769
56 160 656
56 170 779
56 180 758
56 190 744
56 200 712
56 177 812
57 10 837
57 20 839
57 30 837
57 40 833
57 50 832
57 60 822
57 70 839
57 80 810
57 90 833
57 100 677
57 110 777
57 120 784
57 125 823
57 140 746
57 150 573
57 160 798
57 170 736
57 179 801
57 190 615
57 200 596
57 210 790
58 10 830
58 20 849
58 30 832
58 40 832
58 50 862
58 60 833
58 70 836
58 66 832
58 63 832
58 62 832
58 110 800
58 120 744
58 130 730
58 140 735
58 150 733
58 137 832
58 37 832
58 180 657
58 190 738
58 200 718
58 135 784
59 10 841
59 20 813
59 30 840
59 40 832
59 50 832
59 60 839
59 67 832
59 80 781
59 90 835
59 61 832
59 110 770
59 50 832
59 130 750
59 64 833
59 71 832
59 160 653
59 168 771
59 180 771
59 86 834
59 200 711
59 210 667
60 10 832
60 20 846
60 30 840
60 40 815
60 50 832
60 60 832
60 70 832
60 80 832
60 90 740
60 100 722
60 110 834
60 120 584
60 130 843
60 140 591
60 150 771
60 160 700
60 83 788
60 180 797
60 190 723
60 200 804
60 210 760
61 10 853
61 20 837
61 30 832
61 40 832
61 50 849
61 60 832
61 70 802
61 80 708
61 90 832
61 100 752
61 110 677
61 120 737
61 130 741
61 140 644
61 150 793
61 160 700
61 59 832
61 180 670
61 67 832
61 200 653
61 210 731
62 10 885
62 20 827
62 30 832
62 40 835
62 50 832
62 60 858
62 70 832
62 80 835
62 56 832
62 100 550
62 110 702
62 120 713
62 92 816
62 140 758
62 150 634
62 160 841
62 170 820
62 60 832
62 190 641
62 200 615
62 210 614
63 10 905
63 20 837
63 30 832
63 40 832
63 50 832
63 60 832
63 70 832
63 80 804
63 63 832
63 100 777
63 110 699
63 86 832
63 67 832
63 140 800
63 150 784
63 48 832
63 170 626
63 180 664
63 190 765
63 200 743
63 210 691
64 10 696
64 20 683
64 30 644
64 40 734
64 50 666
64 60 593
64 70 720
64 80 672
64 90 599
64 100 565
64 110 635
64 120 652
64 130 616
64 140 539
64 150 614
64 160 571
64 170 569
64 180 696
64 190 736
64 200 609
64 210 684
65 10 635
65 20 703
65 30 678
65 40 693
65 50 611
65 60 657
65 70 707
65 80 774
65 90 671
65 100 721
65 110 588
65 120 517
65 130 604
65 140 559
65 150 682
65 160 700
65 120 598
65 180 674
65 190 488
65 200 528
65 210 602
66 10 784
66 20 717
66 30 690
66 40 619
66 50 694
66 60 677
66 70 621
66 80 674
66 90 637
66 100 596
66 110 583
66 78 650
66 130 582
66 140 669
66 150 619
66 160 574
66 170 619
66 85 673
66 190 582
66 59 686
66 210 557
67 10 714
67 20 673
67 30 672
67 40 626
67 50 606
67 60 691
67 70 623
67 80 632
67 90 654
67 100 561
67 67 649
67 120 690
67 130 587
67 140 569
67 150 524
67 113 720
67 170 608
67 180 543
67 190 583
67 200 679
67 210 621
68 10 802
68 20 565
68 30 690
68 40 623
68 50 589
68 60 671
68 70 636
68 80 717
68 64 692
68 100 616
68 110 717
68 120 607
68 65 645
68 140 508
68 150 558
68 160 595
68 170 520
68 72 587
68 190 659
68 200 584
68 210 553
69 10 760
69 20 722
69 30 695
69 40 608
69 50 643
69 56 646
69 70 705
69 80 672
69 90 582
69 100 567
69 110 569
69 119 656
69 130 635
69 53 663
69 150 711
69 160 617
69 170 621
69 180 441
69 190 623
69 200 593
69 210 564
70 10 767
70 20 659
70 30 609
70 40 608
70 50 650
70 60 662
70 70 626
70 80 579
70 55 648
70 100 683
70 110 651
70 120 540
70 130 644
70 140 598
70 76 628
70 81 649
70 170 521
70 180 468
70 190 627
70 200 479
70 210 452
71 10 714
71 20 637
71 30 673
71 40 613
71 50 633
71 60 694
71 70 583
71 80 601
71 66 640
71 100 631
71 110 641
71 120 622
71 130 491
71 140 515
71 150 542
71 160 586
71 36 565
71 180 652
71 190 473
71 200 494
71 210 489
72 10 693
72 20 605
72 30 621
72 40 656
72 50 649
72 60 640
72 70 561
72 80 465
72 90 567
72 100 583
72 110 580
72 120 527
72 130 602
72 140 562
72 150 521
72 160 518
72 170 541
72 180 498
72 190 516
72 200 460
72 210 586
73 10 657
73 20 633
73 30 629
73 40 614
73 50 599
73 60 632
73 70 613
73 80 665
73 90 593
73 100 573
73 72 713
73 120 636
73 130 581
73 140 511
73 150 626
73 160 616
73 170 528
73 180 570
73 190 597
73 200 577
73 210 529
74 10 648
74 20 648
74 30 610
74 40 631
74 50 605
74 60 624
74 70 621
74 80 575
74 90 478
74 100 630
74 110 588
74 120 588
74 130 629
74 140 659
74 150 626
74 160 504
74 170 653
74 61 621
74 190 487
74 91 602
74 210 546
75 10 719
75 20 676
75 30 634
75 40 631
75 50 612
75 60 583
75 70 602
75 80 647
75 90 596
75 100 601
75 110 556
75 80 642
75 130 567
75 140 476
75 150 560
75 160 646
75 170 619
75 180 570
75 190 640
75 200 553
75 210 630
76 10 682
76 20 667
76 30 633
76 40 637
76 50 640
76 60 580
76 70 600
76 80 634
76 90 608
76 100 640
76 110 629
76 120 526
76 109 633
76 140 539
76 150 526
76 160 675
76 170 572
76 180 445
76 190 639
76 62 644
76 210 576
77 10 729
77 20 644
77 30 686
77 40 656
77 50 690
77 60 603
77 70 647
77 80 561
77 90 615
77 100 422
77 110 555
77 120 661
77 130 581
77 140 550
77 60 656
77 160 590
77 101 659
77 180 486
77 167 572
77 200 515
77 210 418
78 10 698
78 20 631
78 30 625
78 40 617
78 50 599
78 60 652
78 70 634
78 80 618
78 90 607
78 100 643
78 110 622
78 120 550
78 130 566
78 140 558
78 150 533
78 160 597
78 99 638
78 180 566
78 190 505
78 200 487
78 210 494
79 10 635
79 20 644
79 30 672
79 40 609
79 50 584
79 60 633
79 70 617
79 80 585
79 90 586
79 100 588
79 110 619
79 120 524
79 130 558
79 106 628
79 150 550
79 160 587
79 170 574
79 180 585
79 190 563
79 52 590
79 210 653
80 10 626
80 20 653
80 30 637
80 40 606
80 50 618
80 60 594
80 70 630
80 80 617
80 50 594
80 71 578
80 110 479
80 120 535
80 130 485
80 58 613
80 150 537
80 160 550
80 170 421
80 180 577
80 190 552
80 200 485
80 210 589
81 10 732
81 20 662
81 30 631
81 40 596
81 50 650
81 60 628
81 70 615
81 80 437
81 90 557
81 95 604
81 110 556
81 95 629
81 130 462
81 140 480
81 150 554
81 160 619
81 170 547
81 69 611
81 66 582
81 200 595
81 210 530
82 10 658
82 20 643
82 30 609
82 40 580
82 50 614
82 60 611
82 70 608
82 80 600
82 90 715
82 100 634
82 110 576
82 120 569
82 130 577
82 140 558
82 150 411
82 65 581
82 60 592
82 180 566
82 71 637
82 200 537
82 210 585
83 10 662
83 20 612
83 30 609
83 40 615
83 50 632
83 60 601
83 70 609
83 80 583
83 60 611
83 100 503
83 110 550
83 120 503
83 130 514
83 140 496
83 73 580
83 160 578
83 55 592
83 58 588
83 190 482
83 200 501
83 210 501
84 10 643
84 20 645
84 30 602
84 40 581
84 50 634
84 60 591
84 58 576
84 80 579
84 90 624
84 70 601
84 110 563
84 120 435
84 130 611
84 140 459
84 150 575
84 160 545
84 170 611
84 180 589
84 68 582
84 200 563
84 210 476
85 10 701
85 20 596
85 30 625
85 40 611
85 50 641
85 60 585
85 51 617
85 80 532
85 90 604
85 100 282
85 110 470
85 71 642
85 130 466
85 140 505
85 150 496
85 160 605
85 78 586
85 180 554
85 190 562
85 126 622
85 210 561
86 10 703
86 20 659
86 30 619
86 40 633
86 50 604
86 60 623
86 70 558
86 80 561
86 90 545
86 100 620
86 110 587
86 120 588
86 130 514
86 140 478
86 150 548
86 93 586
86 77 629
86 124 621
86 190 411
86 200 473
86 210 529
87 10 690
87 20 660
87 30 661
87 40 620
87 50 598
87 60 610
87 70 628
87 80 531
87 90 632
87 100 526
87 110 589
87 120 508
87 130 558
87 63 609
87 150 541
87 160 504
87 170 444
87 51 608
87 190 484
87 70 615
87 140 556
88 10 654
88 20 670
88 30 608
88 40 611
88 50 669
88 60 631
88 52 610
88 80 567
88 90 566
88 100 517
88 110 446
88 120 610
88 130 576
88 140 409
88 150 506
88 59 576
88 170 483
88 180 507
88 190 653
88 200 640
88 210 451
89 10 640
89 20 657
89 30 608
89 39 578
89 50 586
89 60 591
89 70 565
89 80 636
89 90 537
89 100 585
89 110 536
89 120 498
89 130 548
89 140 526
89 150 442
89 160 471
89 170 452
89 180 534
89 190 473
89 200 503
89 210 534
90 10 681
90 20 618
90 30 608
90 40 608
90 50 607
90 60 599
90 70 576
90 80 522
90 51 606
90 100 459
90 110 660
90 120 563
90 130 460
90 140 471
90 150 499
90 160 476
90 170 551
90 180 412
90 190 488
90 200 459
90 210 468
91 10 640
91 20 654
91 30 599
91 40 650
91 50 617
91 60 605
91 70 596
91 70 580
91 90 592
91 100 516
91 110 499
91 120 603
91 130 557
91 140 505
91 82 578
91 160 487
91 170 591
91 180 622
91 190 531
91 200 615
91 210 465
92 10 688
92 20 623
92 30 623
92 40 611
92 50 591
92 60 625
92 70 613
92 80 623
92 90 560
92 100 470
92 110 593
92 120 546
92 101 604
92 140 466
92 150 554
92 160 508
92 170 471
92 147 573
92 61 611
92 60 575
92 210 426
93 10 589
93 20 633
93 30 562
93 40 608
93 50 613
93 60 628
93 70 650
93 80 563
93 90 554
93 100 567
93 110 602
93 120 420
93 130 459
93 140 519
93 150 563
93 160 612
93 170 526
93 180 519
93 190 500
93 74 599
93 210 596
94 10 611
94 20 638
94 30 573
94 40 610
94 50 594
94 60 589
94 59 576
94 80 570
94 90 596
94 92 613
94 110 576
94 120 520
94 130 487
94 140 548
94 150 466
94 160 526
94 130 535
94 81 588
94 190 436
94 200 408
94 210 551
95 10 648
95 20 642
95 30 628
95 40 613
95 50 600
95 60 589
95 70 635
95 80 485
95 90 603
95 100 604
95 110 551
95 120 596
95 130 562
95 140 535
95 150 571
95 160 576
95 170 512
95 180 437
95 190 546
95 200 533
95 210 532
96 10 638
96 20 670
96 30 588
96 40 588
96 50 587
96 60 585
96 70 533
96 80 593
96 73 584
96 100 500
96 110 537
96 120 532
96 130 536
96 140 584
96 150 564
96 160 603
96 47 592
96 180 517
96 190 588
96 200 457
96 210 490
97 10 664
97 20 602
97 30 594
97 40 619
97 50 592
97 60 597
97 70 588
97 80 588
97 90 448
97 69 581
97 110 541
97 50 576
97 130 479
97 140 550
97 150 486
97 160 432
97 170 538
97 180 462
97 190 506
97 111 549
97 210 509
98 10 594
98 20 638
98 30 617
98 40 598
98 50 580
98 60 608
98 70 533
98 80 594
98 90 578
98 100 564
98 110 523
98 120 509
98 64 577
98 140 414
98 150 465
98 160 423
98 75 588
98 180 474
98 190 612
98 200 454
98 210 521
99 10 666
99 20 597
99 30 612
99 40 578
99 50 604
99 57 576
99 70 562
99 80 586
99 90 367
99 96 591
99 110 518
99 120 536
99 130 418
99 79 594
99 150 602
99 72 577
99 170 613
99 180 454
99 190 401
99 200 304
99 210 375
100 10 653
100 20 615
100 30 605
100 40 604
100 50 591
100 60 597
100 70 582
100 80 553
100 90 597
100 100 518
100 110 564
100 120 488
100 130 433
100 140 603
100 150 518
100 160 503
100 170 502
100 70 577
100 52 576
100 200 519
100 210 527
101 10 592
101 20 608
101 30 594
101 40 583
101 50 596
101 60 577
101 70 582
101 80 365
101 90 596
101 97 582
101 110 612
101 120 435
101 130 635
101 140 564
101 106 577
101 160 456
101 127 575
101 180 342
101 190 568
101 200 394
101 67 580
102 10 578
102 20 600
102 30 598
102 40 581
102 50 577
102 60 577
102 70 598
102 80 581
102 90 584
102 100 364
102 110 541
102 120 550
102 130 470
102 140 466
102 150 388
102 160 565
102 170 565
102 68 576
102 190 552
102 200 475
102 210 380
103 10 589
103 20 613
103 30 618
103 40 609
103 50 579
103 60 594
103 70 576
103 80 612
103 90 589
103 100 561
103 110 555
103 120 433
103 130 450
103 89 595
103 150 492
103 160 478
103 63 590
103 103 559
103 190 359
103 200 325
103 210 420
104 10 607
104 20 619
104 30 597
104 40 585
104 50 587
104 60 569
104 70 580
104 80 498
104 90 596
104 100 529
104 110 521
104 120 548
104 130 546
104 52 576
104 150 481
104 80 586
104 170 479
104 77 577
104 190 575
104 200 595
104 210 590
105 10 669
105 20 644
105 30 579
105 40 596
105 50 596
105 60 597
105 70 584
105 80 561
105 90 557
105 100 516
105 110 503
105 92 585
105 130 579
105 140 611
105 150 562
105 49 576
105 72 553
105 180 458
105 190 506
105 200 455
105 210 368
106 10 574
106 20 650
106 30 586
106 40 569
106 50 588
106 60 608
106 70 578
106 80 583
106 90 568
106 100 558
106 110 595
106 120 573
106 130 396
106 140 461
106 150 520
106 160 570
106 170 537
106 131 545
106 183 581
106 200 465
106 68 576
107 10 629
107 20 628
107 30 571
107 40 601
107 50 589
107 60 587
107 70 592
107 80 532
107 54 579
107 89 591
107 110 491
107 120 570
107 130 435
107 140 563
107 150 474
107 160 527
107 170 352
107 180 466
107 190 538
107 200 496
107 210 483
108 10 590
108 20 628
108 30 589
108 40 576
108 50 577
108 60 589
108 70 592
108 80 551
108 90 576
108 100 552
108 110 576
108 120 564
108 130 584
108 140 513
108 150 488
108 160 481
108 170 499
108 69 577
108 190 432
108 78 572
108 62 576
109 10 587
109 20 631
109 30 591
109 40 576
109 50 577
109 60 592
109 70 593
109 80 487
109 90 599
109 100 528
109 110 533
109 120 488
109 130 554
109 140 584
109 150 443
109 59 576
109 170 387
109 180 440
109 190 465
109 200 393
109 96 576
110 10 579
110 20 609
110 30 585
110 40 606
110 50 584
110 60 600
110 70 577
110 80 539
110 90 564
110 100 587
110 110 457
110 120 425
110 130 484
110 140 554
110 150 502
110 75 576
110 170 419
110 180 455
110 190 473
110 200 545
110 67 576
111 10 597
111 20 609
111 30 592
111 40 580
111 50 585
111 60 576
111 70 580
111 80 592
111 90 586
111 100 478
111 110 497
111 120 588
111 130 416
111 140 436
111 150 524
111 160 426
111 79 586
111 180 554
111 190 496
111 200 451
111 210 514
112 10 587
112 20 626
112 30 594
112 40 594
112 50 585
112 60 641
112 70 519
112 80 578
112 90 595
112 100 519
112 110 573
112 120 535
112 130 519
112 140 412
112 150 581
112 160 375
112 170 561
112 180 526
112 190 415
112 153 584
112 210 481
113 10 650
113 20 581
113 30 577
113 40 605
113 50 576
113 60 581
113 70 565
113 80 539
113 90 541
113 100 539
113 110 508
113 120 537
113 130 469
113 72 576
113 150 564
113 160 427
113 170 399
113 121 569
113 56 576
113 87 554
113 63 576
114 10 600
114 20 554
114 30 576
114 40 588
114 50 579
114 60 582
114 70 566
114 80 576
114 90 476
114 100 576
114 110 580
114 120 563
114 130 516
114 140 591
114 150 481
114 160 515
114 93 576
114 180 455
114 190 442
114 73 576
114 103 578
115 10 675
115 20 618
115 30 599
115 40 581
115 50 582
115 60 552
115 70 576
115 80 605
115 90 534
115 100 548
115 69 579
115 120 578
115 130 545
115 140 484
115 150 395
115 160 361
115 170 553
115 180 517
115 190 507
115 200 419
115 210 537
116 10 700
116 20 619
116 30 578
116 40 578
116 50 579
116 60 576
116 64 576
116 80 577
116 90 529
116 100 543
116 110 535
116 120 581
116 77 576
116 140 398
116 150 404
116 160 581
116 170 564
116 180 490
116 190 484
116 86 578
116 210 349
117 10 659
117 20 607
117 30 600
117 40 576
117 50 578
117 60 578
117 70 579
117 80 522
117 61 579
117 100 587
117 110 576
117 120 454
117 130 472
117 140 535
117 150 451
117 78 576
117 170 455
117 63 576
117 190 508
117 60 576
117 210 544
118 10 613
118 20 630
118 30 580
118 40 576
118 50 579
118 60 555
118 70 576
118 80 522
118 90 584
118 100 589
118 110 516
118 120 578
118 115 526
118 140 426
118 150 545
118 160 600
118 170 456
118 180 530
118 190 551
118 200 363
118 210 393
119 10 738
119 20 595
119 30 577
119 40 580
119 50 586
119 60 576
119 70 576
119 80 416
119 90 558
119 100 551
119 110 447
119 120 353
119 130 450
119 140 512
119 128 576
119 60 576
119 170 577
119 180 418
119 190 576
119 60 576
119 210 474
120 10 679
120 20 630
120 30 590
120 40 593
120 50 642
120 60 576
120 70 578
120 80 590
120 90 498
120 100 530
120 110 484
120 120 482
120 130 467
120 140 472
120 150 499
120 160 524
120 170 329
120 180 405
120 100 576
120 200 513
120 59 576
121 10 669
121 20 621
121 30 611
121 40 576
121 50 576
121 60 542
121 70 474
121 80 577
121 90 544
121 100 446
121 110 513
121 120 490
121 130 579
121 140 523
121 150 501
121 160 487
121 170 396
121 180 321
121 190 526
121 200 453
121 210 551
122 10 571
122 20 589
122 30 584
122 40 578
122 50 576
122 60 522
122 70 524
122 80 584
122 90 543
122 46 576
122 72 545
122 120 448
122 130 401
122 140 352
122 150 412
122 160 539
122 88 576
122 180 407
122 190 473
122 200 425
122 210 253
123 10 595
123 20 626
123 30 576
123 40 588
123 50 580
123 60 576
123 70 529
123 80 578
123 90 528
123 100 405
123 110 578
123 120 457
123 130 342
123 140 410
123 150 576
123 160 493
123 170 455
123 180 509
123 190 558
123 200 523
123 210 453
124 10 642
124 20 639
124 30 582
124 40 590
124 50 581
124 60 576
124 70 576
124 80 477
124 90 576
124 100 514
124 108 576
124 120 553
124 130 344
124 140 563
124 150 444
124 65 576
124 170 533
124 180 539
124 103 576
124 200 459
124 210 494
125 10 613
125 20 620
125 30 610
125 40 606
125 50 578
125 60 576
125 70 548
125 80 550
125 90 555
125 100 576
125 67 576
125 120 504
125 130 483
125 140 508
125 150 720
125 160 477
125 170 508
125 180 478
125 190 443
125 159 544
125 210 547
126 10 524
126 20 609
126 30 606
126 40 616
126 50 580
126 60 576
126 70 579
126 80 530
126 90 539
126 100 462
126 110 480
126 120 529
126 130 486
126 62 576
126 150 550
126 160 503
126 170 478
126 180 517
126 190 480
126 48 576
126 210 468
127 10 591
127 20 544
127 30 512
127 40 576
127 50 580
127 60 576
127 70 576
127 80 548
127 90 526
127 100 356
127 110 507
127 120 378
127 130 523
127 140 490
127 150 576
127 160 339
127 170 559
127 180 424
127 190 406
127 200 491
127 210 368
128 10 539
128 20 269
128 30 176
128 40 380
128 50 275
128 60 309
128 70 421
128 55 316
128 90 374
128 96 249
128 67 136
128 95 449
128 77 391
128 81 364
128 86 331
128 87 416
128 96 341
128 56 376
128 81 288
128 79 292
128 91 400
129 10 575
129 20 383
129 30 276
129 40 281
129 50 338
129 60 308
129 70 408
129 80 377
129 90 302
129 100 318
129 89 292
129 94 377
129 62 320
129 70 331
129 68 320
129 73 134
129 66 280
129 131 352
129 94 352
129 97 353
129 103 267
130 10 474
130 20 237
130 30 381
130 40 258
130 50 255
130 60 259
130 70 292
130 80 285
130 90 185
130 100 280
130 89 300
130 120 328
130 76 346
130 82 164
130 61 118
130 95 248
130 108 354
130 180 402
130 68 338
130 180 304
130 105 95
131 10 550
131 20 343
131 30 242
131 40 216
131 50 406
131 60 129
131 70 309
131 76 284
131 90 293
131 48 320
131 100 185
131 80 266
131 130 208
131 101 298
131 134 278
131 101 209
131 91 195
131 99 361
131 103 261
131 106 398
131 110 288
132 10 379
132 20 335
132 30 247
132 40 267
132 50 199
132 60 291
132 70 160
132 80 195
132 74 175
132 100 136
132 93 162
132 99 100
132 90 173
132 133 174
132 89 92
132 94 265
132 119 221
132 151 129
132 101 261
132 106 73
132 107 238
133 10 463
133 20 208
133 30 299
133 40 206
133 50 140
133 60 242
133 70 138
133 63 155
133 90 300
133 67 222
133 70 316
133 120 255
133 68 341
133 89 237
133 150 180
133 76 208
133 96 251
133 89 232
133 102 259
133 118 338
133 111 189
134 10 436
134 20 282
134 30 340
134 40 140
134 50 84
134 60 315
134 70 142
134 80 215
134 90 321
134 100 152
134 110 199
134 84 241
134 78 181
134 85 156
134 150 289
134 89 324
134 129 248
134 137 164
134 104 283
134 137 230
134 74 294
135 10 453
135 20 222
135 30 236
135 40 157
135 50 182
135 60 261
135 70 26
135 77 208
135 90 159
135 99 221
135 59 192
135 80 69
135 96 256
135 140 254
135 102 78
135 157 200
135 102 367
135 104 230
135 90 179
135 111 163
135 57 173
136 10 499
136 20 162
136 30 186
136 40 271
136 50 319
136 60 85
136 70 184
136 75 69
136 90 208
136 100 231
136 78 68
136 120 228
136 75 231
136 82 190
136 80 203
136 160 309
136 104 244
136 73 163
136 115 286
136 72 27
136 98 67
137 10 524
137 20 302
137 30 181
137 40 207
137 50 112
137 60 214
137 70 250
137 80 155
137 90 296
137 100 156
137 91 148
137 120 282
137 121 175
137 67 193
137 79 226
137 119 285
137 105 85
137 136 189
137 124 194
137 141 249
137 103 182
138 10 470
138 20 216
138 30 194
138 40 109
138 50 83
138 60 66
138 70 198
138 80 254
138 90 140
138 100 189
138 110 268
138 120 239
138 108 67
138 140 216
138 120 202
138 149 209
138 120 146
138 101 79
138 117 98
138 104 225
138 114 79
139 10 500
139 20 198
139 30 216
139 40 236
139 50 130
139 60 100
139 70 91
139 80 53
139 90 268
139 90 182
139 75 114
139 105 133
139 83 153
139 80 195
139 105 224
139 103 207
139 170 115
139 144 258
139 167 265
139 200 350
139 131 185
140 10 496
140 20 260
140 30 133
140 40 215
140 50 170
140 60 202
140 70 211
140 80 117
140 90 169
140 100 234
140 110 90
140 96 64
140 130 221
140 106 166
140 102 86
140 123 113
140 161 279
140 111 192
140 66 210
140 84 128
140 97 156
141 10 376
141 20 270
141 30 210
141 40 166
141 50 260
141 60 214
141 70 257
141 80 221
141 90 254
141 100 234
141 110 130
141 120 229
141 130 215
141 84 204
141 120 237
141 145 160
141 170 211
141 115 130
141 134 128
141 150 153
141 85 196
142 10 419
142 20 239
142 30 255
142 40 114
142 50 144
142 60 162
142 70 140
142 80 139
142 90 190
142 100 178
142 110 223
142 100 173
142 130 168
142 140 377
142 122 215
142 95 212
142 116 148
142 101 120
142 79 148
142 84 134
142 146 72
143 10 428
143 20 207
143 30 229
143 40 75
143 50 183
143 60 212
143 70 129
143 76 153
143 90 203
143 59 192
143 87 98
143 120 231
143 122 312
143 140 194
143 80 157
143 160 316
143 127 263
143 159 211
143 110 173
143 79 193
143 141 148
144 10 458
144 20 207
144 30 185
144 40 160
144 50 142
144 60 149
144 70 112
144 80 110
144 90 88
144 100 160
144 110 157
144 120 343
144 130 238
144 97 161
144 87 64
144 160 168
144 118 148
144 143 117
144 93 192
144 158 214
144 165 142
145 10 494
145 20 202
145 30 97
145 40 236
145 50 270
145 60 128
145 70 206
145 80 154
145 70 80
145 100 110
145 110 83
145 120 160
145 85 64
145 72 53
145 102 64
145 120 79
145 100 93
145 108 214
145 138 197
145 84 84
145 105 142
146 10 517
146 20 176
146 30 143
146 40 102
146 50 127
146 60 111
146 67 105
146 80 141
146 90 104
146 96 124
146 110 141
146 120 124
146 130 259
146 67 138
146 150 132
146 101 133
146 170 212
146 85 98
146 73 113
146 94 157
146 181 131
147 10 557
147 20 333
147 30 196
147 40 199
147 50 133
147 60 175
147 70 114
147 80 96
147 90 65
147 100 183
147 107 157
147 120 168
147 87 153
147 140 101
147 78 140
147 115 243
147 137 79
147 77 161
147 95 185
147 171 152
147 132 137
148 10 498
148 20 189
148 30 138
148 40 156
148 50 145
148 60 73
148 70 151
148 80 128
148 90 164
148 80 241
148 95 202
148 91 85
148 89 167
148 104 163
148 114 141
148 54 65
148 110 128
148 110 72
148 90 64
148 116 152
148 160 157
149 10 493
149 20 294
149 30 176
149 40 208
149 50 135
149 60 74
149 70 195
149 77 64
149 83 129
149 100 132
149 110 174
149 107 111
149 110 186
149 93 200
149 150 128
149 160 142
149 144 94
149 95 68
149 128 146
149 197 183
149 150 92
150 10 404
150 20 151
150 30 135
150 40 153
150 50 152
150 60 205
150 70 119
150 80 107
150 90 178
150 93 224
150 110 93
150 89 133
150 108 128
150 71 164
150 109 76
150 113 194
150 144 215
150 83 80
150 93 176
150 111 118
150 173 121
151 10 485
151 20 189
151 30 113
151 40 134
151 50 99
151 60 64
151 70 136
151 80 213
151 74 154
151 100 114
151 79 197
151 120 233
151 94 223
151 73 64
151 117 109
151 154 75
151 108 152
151 131 147
151 106 182
151 86 72
151 91 179
152 10 453
152 20 115
152 30 178
152 40 84
152 50 196
152 60 65
152 70 66
152 80 125
152 90 95
152 100 137
152 110 69
152 120 151
152 130 142
152 90 86
152 111 64
152 139 214
152 113 87
152 171 147
152 95 69
152 200 110
152 185 157
153 10 434
153 20 186
153 30 152
153 40 138
153 50 89
153 60 57
153 70 195
153 80 133
153 90 119
153 89 66
153 110 120
153 120 109
153 130 170
153 118 141
153 100 81
153 105 178
153 95 128
153 160 162
153 158 125
153 100 186
153 121 127
154 10 574
154 20 193
154 30 195
154 40 162
154 50 139
154 60 82
154 70 109
154 80 107
154 90 111
154 100 158
154 110 212
154 83 128
154 112 83
154 140 88
154 88 184
154 111 177
154 85 156
154 180 171
154 128 161
154 85 64
154 144 70
155 10 467
155 20 223
155 30 146
155 40 188
155 50 80
155 60 185
155 61 87
155 80 106
155 81 128
155 100 178
155 109 72
155 120 160
155 130 127
155 140 29
155 55 216
155 113 129
155 132 64
155 158 177
155 135 119
155 156 239
155 115 142
156 10 559
156 20 207
156 30 153
156 40 22
156 50 269
156 60 101
156 70 75
156 80 183
156 90 89
156 87 159
156 102 128
156 111 128
156 100 148
156 106 118
156 91 64
156 124 128
156 76 208
156 112 131
156 102 178
156 114 103
156 108 150
157 10 485
157 20 214
157 30 95
157 40 130
157 50 133
157 60 199
157 70 87
157 80 101
157 65 64
157 83 80
157 103 188
157 120 129
157 122 92
157 75 96
157 107 80
157 102 115
157 111 96
157 98 61
157 91 104
157 105 120
157 80 134
158 10 495
158 20 223
158 30 131
158 40 104
158 50 120
158 60 130
158 70 151
158 74 176
158 90 92
158 100 118
158 110 157
158 77 248
158 121 149
158 100 74
158 146 73
158 61 99
158 95 112
158 147 154
158 121 105
158 165 113
158 117 65
159 10 495
159 20 254
159 30 112
159 40 99
159 50 204
159 60 126
159 70 108
159 80 110
159 90 77
159 100 167
159 110 16
159 93 129
159 119 64
159 123 135
159 135 91
159 121 64
159 106 165
159 157 121
159 110 216
159 150 212
159 146 168
160 10 537
160 20 193
160 30 159
160 40 107
160 50 58
160 60 62
160 70 65
160 80 68
160 90 82
160 100 99
160 93 152
160 84 152
160 108 129
160 83 126
160 91 103
160 102 131
160 128 128
160 92 93
160 86 91
160 146 154
160 117 134
161 10 600
161 20 199
161 30 85
161 40 52
161 50 83
161 60 79
161 70 66
161 80 124
161 90 118
161 100 53
161 95 64
161 120 70
161 92 90
161 140 182
161 133 118
161 64 66
161 89 85
161 154 91
161 190 108
161 144 155
161 132 70
162 10 467
162 20 215
162 30 214
162 40 75
162 50 121
162 60 125
162 70 105
162 80 92
162 90 112
162 100 88
162 110 118
162 88 66
162 130 74
162 90 64
162 79 148
162 144 141
162 154 115
162 101 167
162 92 102
162 131 107
162 106 96
163 10 355
163 20 126
163 30 126
163 40 59
163 50 116
163 60 60
163 70 62
163 80 72
163 90 47
163 100 115
163 110 93
163 98 1
163 130 19
163 85 117
163 108 144
163 160 61
163 105 79
163 180 94
163 104 73
163 113 86
163 100 133
164 10 373
164 20 156
164 30 100
164 40 83
164 50 100
164 60 70
164 70 99
164 80 73
164 90 166
164 100 77
164 110 85
164 120 89
164 83 68
164 84 86
164 150 116
164 160 64
164 71 101
164 59 66
164 85 60
164 141 88
164 102 138
165 10 435
165 20 168
165 30 77
165 40 170
165 50 73
165 60 99
165 70 111
165 80 118
165 90 132
165 100 115
165 110 84
165 114 111
165 130 124
165 140 88
165 150 125
165 160 85
165 170 137
165 97 128
165 154 102
165 106 64
165 120 97
166 10 394
166 20 229
166 30 153
166 40 79
166 50 77
166 60 91
166 70 104
166 80 89
166 90 92
166 100 64
166 110 91
166 88 79
166 130 79
166 78 75
166 150 166
166 160 80
166 100 119
166 78 80
166 70 92
166 120 108
166 112 101
167 10 517
167 20 155
167 30 96
167 40 61
167 50 132
167 60 70
167 70 67
167 80 69
167 90 43
167 100 122
167 110 108
167 120 102
167 106 68
167 140 94
167 114 50
167 104 84
167 109 83
167 138 75
167 66 65
167 102 138
167 109 48
168 10 356
168 20 186
168 30 99
168 40 92
168 50 76
168 60 82
168 70 33
168 80 64
168 90 123
168 100 137
168 71 191
168 98 92
168 111 78
168 140 108
168 139 81
168 72 94
168 132 64
168 121 72
168 122 128
168 115 125
168 120 164
169 10 587
169 20 169
169 30 128
169 40 66
169 50 95
169 60 104
169 70 140
169 80 190
169 90 116
169 100 41
169 93 122
169 97 68
169 92 71
169 76 129
169 104 110
169 77 84
169 74 124
169 130 132
169 73 64
169 124 65
169 84 66
170 10 517
170 20 171
170 30 142
170 40 112
170 50 119
170 60 127
170 70 68
170 80 64
170 90 65
170 88 99
170 110 108
170 98 144
170 130 104
170 96 64
170 100 110
170 120 112
170 170 82
170 180 109
170 81 64
170 97 80
170 203 23
171 10 392
171 20 191
171 30 103
171 40 61
171 50 63
171 60 55
171 70 65
171 80 1
171 90 106
171 62 84
171 99 69
171 85 29
171 130 82
171 85 126
171 116 35
171 76 128
171 151 71
171 128 78
171 114 121
171 200 164
171 141 118
172 10 506
172 20 281
172 30 129
172 40 66
172 50 147
172 60 116
172 70 126
172 80 124
172 90 76
172 100 5
172 107 72
172 108 128
172 130 75
172 81 65
172 150 70
172 121 127
172 95 132
172 94 79
172 151 69
172 76 64
172 88 154
173 10 404
173 20 84
173 30 164
173 40 45
173 50 78
173 60 112
173 70 67
173 70 89
173 90 137
173 92 76
173 110 90
173 79 100
173 130 74
173 95 48
173 73 64
173 160 189
173 70 66
173 140 64
173 167 103
173 76 64
173 113 117
174 10 462
174 20 233
174 30 168
174 40 88
174 50 68
174 60 172
174 70 66
174 80 93
174 85 88
174 95 64
174 110 86
174 120 148
174 123 76
174 83 64
174 109 66
174 80 80
174 95 180
174 89 105
174 142 112
174 146 137
174 65 70
175 10 518
175 20 142
175 30 132
175 40 51
175 50 64
175 60 106
175 70 76
175 66 45
175 81 68
175 100 68
175 77 124
175 91 77
175 108 88
175 96 64
175 82 148
175 160 150
175 97 33
175 180 90
175 96 64
175 65 69
175 94 85
176 10 470
176 20 192
176 30 61
176 40 102
176 50 72
176 60 95
176 70 75
176 80 71
176 90 82
176 100 73
176 95 33
176 78 64
176 130 73
176 90 92
176 87 71
176 125 100
176 104 64
176 94 130
176 121 77
176 117 101
176 67 128
177 10 559
177 20 250
177 30 131
177 40 86
177 50 149
177 60 95
177 70 160
177 80 69
177 90 64
177 84 64
177 99 78
177 109 72
177 108 77
177 95 69
177 63 64
177 160 83
177 88 127
177 124 75
177 134 105
177 110 64
177 77 155
178 10 453
178 20 255
178 30 140
178 40 96
178 50 147
178 60 17
178 70 96
178 80 83
178 90 123
178 100 75
178 110 94
178 120 89
178 95 97
178 80 58
178 150 78
178 140 81
178 101 176
178 163 159
178 103 86
178 139 102
178 99 90
179 10 489
179 20 250
179 30 71
179 40 54
179 50 69
179 60 85
179 70 124
179 80 33
179 65 73
179 59 64
179 110 85
179 89 123
179 130 70
179 102 64
179 107 114
179 127 106
179 115 98
179 84 64
179 144 69
179 146 64
179 96 64
180 10 428
180 20 136
180 30 132
180 40 135
180 50 83
180 60 133
180 70 68
180 80 45
180 85 64
180 100 70
180 105 69
180 98 65
180 95 77
180 93 160
180 83 65
180 160 83
180 140 96
180 100 68
180 132 176
180 136 105
180 146 165
181 10 547
181 20 245
181 30 169
181 40 68
181 50 97
181 60 99
181 70 73
181 80 104
181 90 123
181 100 87
181 110 82
181 111 128
181 98 114
181 139 68
181 150 190
181 112 64
181 170 49
181 134 105
181 102 62
181 79 64
181 116 75
182 10 438
182 20 224
182 30 162
182 40 114
182 50 65
182 60 67
182 70 101
182 80 91
182 90 97
182 99 64
182 110 102
182 88 70
182 130 136
182 117 64
182 150 108
182 160 72
182 170 58
182 180 74
182 189 126
182 120 128
182 126 68
183 10 518
183 20 238
183 30 177
183 40 109
183 50 136
183 60 124
183 70 64
183 80 64
183 90 64
183 100 64
183 104 125
183 108 64
183 130 65
183 140 118
183 66 73
183 123 136
183 96 65
183 86 90
183 72 93
183 154 89
183 178 108
184 10 472
184 20 291
184 30 121
184 40 149
184 50 118
184 60 48
184 70 90
184 80 97
184 90 125
184 86 66
184 110 99
184 110 124
184 81 119
184 80 64
184 125 127
184 96 64
184 124 64
184 136 77
184 180 141
184 145 68
184 78 64
185 10 402
185 20 162
185 30 109
185 40 132
185 50 106
185 60 69
185 70 69
185 80 104
185 90 81
185 100 127
185 91 68
185 120 108
185 85 71
185 104 64
185 83 64
185 160 86
185 88 77
185 125 143
185 124 80
185 93 96
185 64 64
186 10 354
186 20 251
186 30 142
186 40 142
186 50 210
186 60 86
186 70 73
186 80 64
186 85 71
186 100 86
186 110 70
186 111 85
186 69 70
186 132 99
186 119 64
186 160 146
186 106 128
186 106 103
186 169 108
186 85 64
186 87 64
187 10 523
187 20 187
187 30 188
187 40 120
187 50 92
187 60 64
187 70 73
187 80 132
187 90 154
187 100 130
187 110 115
187 90 96
187 127 80
187 76 140
187 88 49
187 154 64
187 101 80
187 119 131
187 101 64
187 81 66
187 90 153
188 10 404
188 20 219
188 30 137
188 40 64
188 50 92
188 60 69
188 70 83
188 80 84
188 90 167
188 100 117
188 110 73
188 120 104
188 130 86
188 82 131
188 150 64
188 99 68
188 72 64
188 116 69
188 104 69
188 121 93
188 104 97
189 10 520
189 20 170
189 30 141
189 40 65
189 50 113
189 60 114
189 70 64
189 80 88
189 71 64
189 100 127
189 110 107
189 110 64
189 99 122
189 140 68
189 97 65
189 111 92
189 113 125
189 180 320
189 130 72
189 74 71
189 90 108
190 10 506
190 20 170
190 30 69
190 40 101
190 50 204
190 60 177
190 70 120
190 80 108
190 84 69
190 100 66
190 76 64
190 120 73
190 130 64
190 111 126
190 95 66
190 90 103
190 129 76
190 105 112
190 54 66
190 122 64
190 118 64
191 10 429
191 20 187
191 30 160
191 40 108
191 50 54
191 60 98
191 70 128
191 80 64
191 90 80
191 100 106
191 110 103
191 85 87
191 97 64
191 98 97
191 150 145
191 160 101
191 170 67
191 124 117
191 87 80
191 90 35
191 75 99
192 10 459
192 20 168
192 30 149
192 40 191
192 50 54
192 60 81
192 70 90
192 80 11
192 90 64
192 100 133
192 110 60
192 120 121
192 130 68
192 90 10
192 120 51
192 144 110
192 170 43
192 92 67
192 120 68
192 120 63
192 86 26
193 10 425
193 20 172
193 30 125
193 40 58
193 50 85
193 60 63
193 70 89
193 80 75
193 90 68
193 100 221
193 110 93
193 120 66
193 127 69
193 136 75
193 150 32
193 112 34
193 98 69
193 143 50
193 138 82
193 158 11
193 134 4
194 10 381
194 20 118
194 30 68
194 40 53
194 50 116
194 60 45
194 70 84
194 80 19
194 90 82
194 100 82
194 86 1
194 111 90
194 85 23
194 140 34
194 150 116
194 89 15
194 94 15
194 180 96
194 158 84
194 152 40
194 112 77
195 10 422
195 20 135
195 30 76
195 40 255
195 50 23
195 60 47
195 70 68
195 80 6
195 90 85
195 91 23
195 110 123
195 91 43
195 130 2
195 78 9
195 150 22
195 106 92
195 95 66
195 111 33
195 107 47
195 98 41
195 70 8
196 10 475
196 20 111
196 30 102
196 40 7
196 50 139
196 60 10
196 70 54
196 80 38
196 90 53
196 100 89
196 110 90
196 86 0
197 10 460
197 20 118
197 30 93
197 40 82
197 50 26
197 60 0
198 10 479
198 20 218
198 30 58
198 40 140
198 50 2
198 60 35
198 70 61
198 80 0
199 10 422
199 20 151
199 30 65
199 40 191
199 50 49
199 60 79
199 70 51
199 80 31
199 90 39
199 100 16
199 110 1
199 99 41
199 112 93
199 94 16
199 129 29
199 104 20
199 170 79
199 130 0
200 10 366
200 20 205
200 30 90
200 40 47
200 50 65
200 60 94
200 70 23
200 80 11
200 90 39
200 100 11
200 110 136
200 120 102
200 97 34
200 140 18
200 100 32
200 103 68
200 76 14
200 124 6
200 129 5
200 122 32
200 97 16
201 10 345
201 20 139
201 30 82
201 40 37
201 50 3
201 60 18
201 70 51
201 80 48
201 81 12
201 100 3
201 81 5
201 100 21
201 130 1
201 119 32
201 112 0
202 10 459
202 20 191
202 30 98
202 40 85
202 50 0
203 10 502
203 20 123
203 30 145
203 40 87
203 50 41
203 60 5
203 70 66
203 80 10
203 90 29
203 100 2
203 110 105
203 120 0
204 10 419
204 20 131
204 30 75
204 40 171
204 50 12
204 60 69
204 70 30
204 80 9
204 90 19
204 100 46
204 104 10
204 120 60
204 129 0
205 10 340
205 20 182
205 30 41
205 40 8
205 50 45
205 60 43
205 70 10
205 80 0
206 10 428
206 20 98
206 30 53
206 40 54
206 50 54
206 60 108
206 70 51
206 80 19
206 90 37
206 100 0
207 10 345
207 20 151
207 30 139
207 40 52
207 50 103
207 60 0
208 10 347
208 20 190
208 30 71
208 40 35
208 50 0
209 10 488
209 20 117
209 30 77
209 40 54
209 50 52
209 60 12
209 70 142
209 80 56
209 90 31
209 100 93
209 98 4
209 98 18
209 130 0
210 10 482
210 20 88
210 30 75
210 40 31
210 50 42
210 60 26
210 70 46
210 80 13
210 90 16
210 100 0
211 10 468
211 20 192
211 30 57
211 40 11
211 50 41
211 60 49
211 70 7
211 80 14
211 79 0
212 10 426
212 20 165
212 30 22
212 40 30
212 50 12
212 60 11
212 70 6
212 80 28
212 90 33
212 100 25
212 101 0
213 10 418
213 20 177
213 30 120
213 40 179
213 50 56
213 60 10
213 70 73
213 80 65
213 90 15
213 100 41
213 110 13
213 120 16
213 130 0
214 10 437
214 20 151
214 30 99
214 40 14
214 50 70
214 60 78
214 70 8
214 80 8
214 90 0
215 10 320
215 20 214
215 30 61
215 40 53
215 50 158
215 60 17
215 70 17
215 80 33
215 90 0
216 10 359
216 20 85
216 30 98
216 40 15
216 50 219
216 60 14
216 70 10
216 80 32
216 90 40
216 80 0
217 10 542
217 20 166
217 30 85
217 40 33
217 50 5
217 60 26
217 70 16
217 80 19
217 90 7
217 100 87
217 110 1
217 117 0
218 10 405
218 20 126
218 30 68
218 40 31
218 50 3
218 60 24
218 70 2
218 80 0
219 10 394
219 20 126
219 30 27
219 40 137
219 50 4
219 60 37
219 70 24
219 80 7
219 90 74
219 100 0
220 10 450
220 20 149
220 30 129
220 40 42
220 50 37
220 60 32
220 70 21
220 80 8
220 90 32
220 100 53
220 110 65
220 65 1
220 109 8
220 110 36
220 140 25
220 160 2
220 170 1
220 69 12
220 119 0
221 10 380
221 20 134
221 30 31
221 40 30
221 50 4
221 60 37
221 70 6
221 80 5
221 90 24
221 100 0
222 10 284
222 20 99
222 30 91
222 40 32
222 50 16
222 60 30
222 70 48
222 80 21
222 78 0
223 10 417
223 20 170
223 30 42
223 40 0
224 10 454
224 20 200
224 30 188
224 40 33
224 50 26
224 60 16
224 70 6
224 80 1
224 65 0
225 10 467
225 20 219
225 30 37
225 40 24
225 50 21
225 60 5
225 70 0
226 10 415
226 20 245
226 30 66
226 40 48
226 50 44
226 60 8
226 70 3
226 80 29
226 90 10
226 100 13
226 110 0
227 10 391
227 20 104
227 30 39
227 40 23
227 50 26
227 60 37
227 70 2
227 80 41
227 90 17
227 100 0
228 10 327
228 20 210
228 30 80
228 40 87
228 50 36
228 60 12
228 70 8
228 80 0
229 10 371
229 20 172
229 30 73
229 40 2
229 50 57
229 60 0
230 10 359
230 20 196
230 30 78
230 40 20
230 50 12
230 60 46
230 70 66
230 80 9
230 90 0
231 10 350
231 20 176
231 30 72
231 40 10
231 50 15
231 60 25
231 70 4
231 80 4
231 90 6
231 82 0
232 10 311
232 20 56
232 30 68
232 40 15
232 50 4
232 60 3
232 70 4
232 80 15
232 90 1
232 89 0
233 10 377
233 20 224
233 30 48
233 40 3
233 50 0
234 10 488
234 20 222
234 30 35
234 40 5
234 50 23
234 60 1
234 70 0
235 10 453
235 20 99
235 30 12
235 40 121
235 50 38
235 60 37
235 70 24
235 80 21
235 87 0
236 10 425
236 20 116
236 30 55
236 40 32
236 50 0
237 10 378
237 20 122
237 30 82
237 40 30
237 50 44
237 60 43
237 70 1
237 80 36
237 90 2
237 93 0
238 10 376
238 20 141
238 30 10
238 40 2
238 50 57
238 60 21
238 70 0
239 10 362
239 20 143
239 30 69
239 40 72
239 50 0
240 10 433
240 20 166
240 30 91
240 40 54
240 50 83
240 60 2
240 70 11
240 80 0
241 10 356
241 20 158
241 30 81
241 40 66
241 50 32
241 60 10
241 70 3
241 80 10
241 90 16
241 100 6
241 110 0
242 10 456
242 20 125
242 30 39
242 40 44
242 50 147
242 60 2
242 70 46
242 80 5
242 90 92
242 100 1
242 110 0
243 10 369
243 20 180
243 30 7
243 40 1
243 50 1
243 60 100
243 70 8
243 80 0
244 10 339
244 20 74
244 30 73
244 40 1
244 50 33
244 60 11
244 70 0
245 10 556
245 20 182
245 30 90
245 40 68
245 50 20
245 60 17
245 70 0
246 10 369
246 20 166
246 30 96
246 40 19
246 50 4
246 60 14
246 70 4
246 80 30
246 90 1
246 100 0
247 10 363
247 20 136
247 30 62
247 40 5
247 50 19
247 60 7
247 70 15
247 74 0
248 10 349
248 20 186
248 30 6
248 40 66
248 50 115
248 60 0
249 10 348
249 20 100
249 30 116
249 40 57
249 50 21
249 60 24
249 70 4
249 80 0
250 10 409
250 20 116
250 30 14
250 40 0
251 10 321
251 20 187
251 30 85
251 40 85
251 50 0
252 10 286
252 20 212
252 30 79
252 40 81
252 50 48
252 60 0
253 10 426
253 20 223
253 30 62
253 40 0
254 10 359
254 20 190
254 30 42
254 40 66
254 50 11
254 60 0
255 10 376
255 20 123
255 30 39
255 40 66
255 50 0
