0 7 896
0 7 896
0 7 896
0 7 896
0 7 896
0 7 896
0 7 896
0 7 896
0 7 896
0 7 896
0 7 896
0 7 896
0 7 896
0 7 896
0 7 896
0 7 896
0 7 896
0 7 896
0 7 896
0 7 896
0 7 896
1 7 896
1 7 896
1 7 896
1 7 896
1 7 896
1 7 896
1 7 896
1 7 896
1 7 896
1 7 896
1 7 896
1 7 896
1 7 896
1 7 896
1 7 896
1 7 896
1 7 896
1 7 896
1 7 896
1 7 896
1 7 896
2 10 896
2 18 895
2 28 895
2 26 895
2 24 895
2 19 894
2 35 894
2 30 895
2 23 895
2 19 895
2 17 895
2 28 895
2 29 895
2 27 895
2 30 895
2 30 895
2 21 895
2 24 895
2 30 895
2 24 895
2 25 895
3 10 894
3 20 894
3 29 894
3 26 894
3 26 894
3 26 894
3 25 894
3 29 894
3 29 894
3 28 894
3 26 894
3 28 894
3 23 894
3 29 894
3 27 894
3 24 894
3 28 894
3 22 894
3 24 894
3 23 894
3 24 894
4 10 884
4 20 890
4 30 1146
4 29 892
4 30 892
4 28 892
4 25 890
4 28 891
4 34 893
4 32 893
4 26 892
4 21 890
4 24 892
4 32 892
4 34 890
4 22 891
4 23 892
4 29 890
4 24 892
4 26 892
4 34 891
5 10 894
5 20 892
5 26 892
5 26 892
5 28 892
5 32 892
5 27 892
5 33 892
5 28 892
5 28 892
5 25 892
5 29 892
5 26 892
5 26 890
5 29 892
5 28 892
5 32 892
5 28 890
5 29 892
5 28 890
5 27 892
6 10 893
6 20 888
6 30 1144
6 31 888
6 31 888
6 52 889
6 27 888
6 30 888
6 33 888
6 31 888
6 29 888
6 31 888
6 28 888
6 30 888
6 32 889
6 92 1070
6 29 888
6 25 888
6 29 888
6 29 888
6 33 889
7 10 891
7 20 888
7 30 888
7 27 888
7 29 888
7 33 888
7 42 888
7 28 888
7 33 888
7 33 888
7 32 888
7 41 888
7 28 888
7 37 888
7 27 888
7 28 888
7 120 1091
7 31 888
7 33 888
7 53 888
7 28 888
8 10 885
8 20 878
8 30 882
8 40 880
8 50 1045
8 37 884
8 36 881
8 34 880
8 33 882
8 32 886
8 29 884
8 28 879
8 29 878
8 29 882
8 35 884
8 32 882
8 34 885
8 32 880
8 35 878
8 200 860
8 30 884
9 10 892
9 20 886
9 30 882
9 33 878
9 30 886
9 29 882
9 29 880
9 31 882
9 37 880
9 31 882
9 30 884
9 29 884
9 42 878
9 31 882
9 29 886
9 30 884
9 28 876
9 29 881
9 39 884
9 31 876
9 29 884
10 10 891
10 20 880
10 30 876
10 32 876
10 34 876
10 38 874
10 58 883
10 34 876
10 32 876
10 32 876
10 46 874
10 28 876
10 30 876
10 140 832
10 36 876
10 31 880
10 158 881
10 31 876
10 32 880
10 29 872
10 32 876
11 10 888
11 20 876
11 29 876
11 32 876
11 37 880
11 29 876
11 28 876
11 28 876
11 75 878
11 56 876
11 83 1052
11 34 881
11 35 880
11 35 877
11 33 876
11 39 872
11 30 876
11 27 876
11 30 880
11 38 872
11 31 872
12 10 885
12 20 872
12 30 872
12 40 878
12 31 874
12 32 872
12 38 872
12 80 1131
12 90 1136
12 100 914
12 34 872
12 32 872
12 31 872
12 102 1019
12 62 1049
12 78 953
12 44 872
12 35 872
12 30 872
12 200 1114
12 69 878
13 10 886
13 20 874
13 30 1128
13 34 872
13 50 872
13 41 872
13 31 872
13 37 872
13 35 872
13 35 872
13 50 856
13 32 872
13 130 998
13 42 872
13 73 878
13 38 874
13 60 875
13 32 872
13 32 872
13 33 872
13 36 872
14 10 856
14 20 872
14 30 1128
14 40 876
14 29 872
14 33 872
14 34 872
14 80 1109
14 36 872
14 43 872
14 62 872
14 33 872
14 83 841
14 140 959
14 42 872
14 31 872
14 34 872
14 37 872
14 190 1104
14 200 837
14 39 872
15 10 873
15 20 872
15 30 1128
15 40 872
15 45 872
15 60 872
15 39 872
15 36 872
15 29 872
15 49 872
15 73 872
15 33 872
15 130 1051
15 31 872
15 30 872
15 48 872
15 33 872
15 29 872
15 67 872
15 38 872
15 28 872
16 10 794
16 20 860
16 30 858
16 33 856
16 50 881
16 60 1104
16 42 856
16 33 864
16 90 933
16 100 865
16 110 914
16 38 856
16 96 821
16 32 832
16 150 836
16 33 852
16 35 848
16 180 1106
16 50 862
16 200 674
16 43 840
17 10 868
17 20 848
17 30 848
17 40 848
17 37 856
17 36 852
17 70 1007
17 80 896
17 32 844
17 71 981
17 57 844
17 30 844
17 130 812
17 30 856
17 34 858
17 160 798
17 170 818
17 42 856
17 115 883
17 200 800
17 47 856
18 10 871
18 20 844
18 30 1108
18 40 1099
18 39 848
18 60 856
18 35 852
18 80 922
18 56 856
18 30 856
18 39 842
18 42 840
18 130 1044
18 31 840
18 150 919
18 160 764
18 170 892
18 33 840
18 31 850
18 38 842
18 41 856
19 10 876
19 20 860
19 30 858
19 40 1112
19 50 850
19 60 852
19 68 976
19 34 843
19 90 796
19 44 858
19 34 846
19 37 848
19 39 850
19 91 943
19 28 852
19 57 840
19 33 848
19 97 848
19 190 1072
19 51 836
19 62 864
20 10 848
20 20 843
20 30 1090
20 40 1099
20 36 840
20 29 848
20 70 956
20 59 852
20 90 969
20 100 927
20 100 950
20 34 840
20 39 840
20 37 842
20 150 841
20 61 840
20 170 795
20 33 848
20 107 794
20 32 848
20 210 846
21 10 863
21 20 844
21 30 840
21 40 1101
21 35 840
21 60 1010
21 70 1110
21 34 840
21 90 962
21 59 840
21 110 1031
21 29 840
21 130 765
21 140 882
21 40 840
21 29 832
21 52 852
21 60 856
21 97 796
21 71 824
21 77 842
22 10 853
22 20 818
22 30 848
22 32 848
22 28 848
22 28 848
22 70 841
22 33 840
22 90 1065
22 30 848
22 40 840
22 41 840
22 46 840
22 38 840
22 150 818
22 37 832
22 49 840
22 180 982
22 190 863
22 50 838
22 187 774
23 10 829
23 20 840
23 30 848
23 33 848
23 50 843
23 30 840
23 39 840
23 33 848
23 90 831
23 29 840
23 30 840
23 32 840
23 44 831
23 140 911
23 65 836
23 45 844
23 35 840
23 89 843
23 59 840
23 200 821
23 31 808
24 10 756
24 20 832
24 30 832
24 40 1088
24 50 1095
24 39 836
24 40 833
24 39 832
24 90 868
24 100 793
24 97 832
24 120 804
24 121 815
24 140 792
24 150 810
24 86 840
24 45 832
24 180 791
24 190 1017
24 85 836
24 210 768
25 10 801
25 20 840
25 30 1092
25 40 832
25 50 1088
25 60 840
25 70 832
25 80 842
25 43 832
25 100 1031
25 69 832
25 118 832
25 120 796
25 140 764
25 125 832
25 160 763
25 170 828
25 180 983
25 35 836
25 51 832
25 140 844
26 10 832
26 20 838
26 30 1088
26 40 1088
26 34 832
26 60 1098
26 70 915
26 33 832
26 90 1094
26 39 834
26 51 832
26 120 783
26 109 950
26 140 837
26 150 802
26 35 832
26 170 787
26 175 908
26 190 1046
26 200 1044
26 210 977
27 10 866
27 20 838
27 30 1088
27 40 840
27 33 832
27 60 837
27 44 835
27 42 836
27 33 832
27 33 832
27 110 827
27 39 832
27 130 832
27 39 832
27 44 832
27 160 985
27 170 742
27 139 834
27 175 760
27 31 832
27 210 712
28 10 844
28 20 832
28 30 832
28 40 1090
28 50 834
28 60 833
28 70 833
28 80 796
28 32 830
28 100 922
28 110 883
28 51 832
28 46 832
28 99 832
28 150 768
28 81 832
28 143 834
28 75 798
28 40 832
28 156 829
28 155 833
29 10 836
29 20 834
29 30 832
29 40 1090
29 48 818
29 60 970
29 70 832
29 72 833
29 90 799
29 51 832
29 108 832
29 120 792
29 49 832
29 140 970
29 150 797
29 125 808
29 36 832
29 180 741
29 34 832
29 107 808
29 210 894
30 10 806
30 20 832
30 30 1088
30 40 1088
30 50 832
30 37 832
30 43 832
30 80 1088
30 90 985
30 41 832
30 98 838
30 63 833
30 64 832
30 140 997
30 126 790
30 85 820
30 36 832
30 65 832
30 54 832
30 171 833
30 73 832
31 10 852
31 20 837
31 30 1088
31 28 832
31 50 1088
31 60 808
31 35 832
31 80 834
31 90 787
31 100 789
31 110 799
31 90 814
31 39 831
31 40 832
31 150 867
31 160 736
31 34 832
31 180 809
31 37 832
31 65 832
31 210 843
32 10 780
32 20 788
32 30 784
32 40 1016
32 50 808
32 60 780
32 46 800
32 80 775
32 90 812
32 100 749
32 98 820
32 120 747
32 38 752
32 140 712
32 150 697
32 35 768
32 69 801
32 180 825
32 46 766
32 48 784
32 210 750
33 10 804
33 20 753
33 30 1067
33 40 1064
33 50 1060
33 60 786
33 70 785
33 80 810
33 90 1000
33 35 800
33 59 800
33 120 709
33 38 824
33 140 770
33 150 717
33 63 744
33 170 666
33 180 707
33 135 760
33 200 850
33 47 770
34 10 768
34 20 761
34 30 785
34 40 1038
34 50 1009
34 44 784
34 70 695
34 80 782
34 44 752
34 100 795
34 87 842
34 42 752
34 130 743
34 91 756
34 150 666
34 160 679
34 170 674
34 35 768
34 84 808
34 64 768
34 210 722
35 10 804
35 20 786
35 30 806
35 40 798
35 50 1002
35 60 764
35 70 721
35 80 968
35 90 760
35 73 728
35 106 734
35 120 713
35 40 752
35 65 706
35 55 776
35 62 772
35 170 892
35 75 792
35 37 788
35 94 799
35 37 756
36 10 836
36 20 779
36 30 1016
36 40 1043
36 50 774
36 60 1016
36 32 754
36 80 767
36 42 763
36 100 726
36 110 752
36 120 766
36 130 774
36 140 614
36 35 768
36 160 937
36 80 790
36 180 759
36 190 956
36 149 773
36 143 750
37 10 707
37 20 770
37 30 1015
37 40 1020
37 50 794
37 60 757
37 70 1043
37 32 768
37 90 770
37 100 758
37 110 799
37 58 774
37 130 651
37 75 768
37 150 650
37 133 768
37 60 767
37 180 690
37 43 752
37 200 689
37 210 568
38 10 756
38 20 776
38 30 1016
38 40 1038
38 50 1042
38 31 736
38 70 1021
38 38 736
38 61 744
38 100 708
38 99 754
38 43 778
38 95 762
38 140 687
38 134 672
38 160 695
38 170 718
38 46 746
38 94 727
38 200 910
38 210 927
39 10 810
39 20 759
39 30 755
39 38 758
39 50 1017
39 37 736
39 34 722
39 65 723
39 90 818
39 65 769
39 110 701
39 78 767
39 130 885
39 140 776
39 150 758
39 131 735
39 166 758
39 180 783
39 42 765
39 151 743
39 210 964
40 10 746
40 20 755
40 30 996
40 40 760
40 46 754
40 43 752
40 31 736
40 80 675
40 90 726
40 100 761
40 110 696
40 120 702
40 130 777
40 140 691
40 68 757
40 160 746
40 56 750
40 73 755
40 114 757
40 200 725
40 210 891
41 10 771
41 20 764
41 30 980
41 40 1016
41 50 1031
41 60 786
41 70 657
41 61 748
41 50 744
41 100 769
41 43 755
41 120 680
41 130 940
41 140 909
41 150 822
41 160 782
41 40 756
41 111 798
41 51 752
41 73 765
41 94 755
42 10 742
42 20 741
42 30 994
42 40 752
42 38 752
42 60 998
42 70 1010
42 80 760
42 44 736
42 100 737
42 110 659
42 120 700
42 130 668
42 70 661
42 150 837
42 52 750
42 45 736
42 180 698
42 190 874
42 102 694
42 210 712
43 10 765
43 20 756
43 30 1044
43 40 768
43 50 789
43 60 755
43 70 736
43 80 767
43 90 963
43 100 707
43 110 701
43 120 785
43 130 773
43 46 734
43 60 737
43 160 719
43 170 762
43 180 647
43 190 631
43 200 754
43 121 690
44 10 740
44 20 736
44 30 776
44 40 752
44 33 740
44 60 765
44 36 752
44 80 737
44 90 773
44 100 693
44 110 748
44 120 760
44 130 697
44 140 768
44 35 768
44 160 683
44 170 716
44 180 796
44 69 741
44 195 770
44 49 745
45 10 719
45 20 765
45 30 776
45 40 1018
45 50 775
45 60 796
45 36 736
45 80 754
45 90 734
45 100 752
45 110 728
45 120 700
45 130 883
45 51 754
45 29 754
45 32 748
45 170 676
45 149 666
45 113 760
45 200 685
45 210 673
46 10 720
46 20 756
46 30 997
46 40 1002
46 50 759
46 60 741
46 70 1014
46 80 738
46 90 763
46 100 749
46 67 752
46 44 768
46 130 740
46 43 736
46 50 752
46 57 753
46 40 760
46 180 796
46 37 739
46 200 691
46 40 723
47 10 726
47 20 748
47 30 752
47 40 768
47 44 736
47 60 1008
47 70 875
47 80 737
47 90 762
47 100 669
47 46 737
47 56 757
47 49 736
47 140 935
47 63 736
47 160 717
47 170 706
47 180 736
47 190 570
47 45 768
47 39 736
48 10 748
48 20 754
48 30 736
48 40 972
48 50 993
48 60 744
48 42 736
48 80 719
48 38 736
48 100 760
48 110 603
48 120 896
48 130 572
48 140 752
48 150 964
48 95 754
48 170 696
48 34 732
48 190 616
48 93 702
48 210 718
49 10 761
49 20 754
49 30 736
49 40 992
49 50 1022
49 60 738
49 70 738
49 80 1009
49 39 732
49 100 952
49 110 704
49 120 949
49 130 906
49 140 748
49 150 761
49 113 674
49 46 736
49 37 740
49 124 693
49 200 770
49 210 632
50 10 711
50 20 764
50 30 740
50 40 747
50 50 750
50 60 999
50 57 736
50 80 742
50 90 934
50 81 770
50 110 652
50 120 913
50 130 673
50 140 666
50 150 637
50 49 737
50 124 717
50 98 744
50 190 747
50 200 676
50 210 615
51 10 810
51 20 742
51 30 744
51 40 758
51 50 738
51 60 750
51 70 757
51 80 966
51 75 736
51 100 671
51 110 864
51 58 744
51 38 736
51 140 726
51 146 722
51 160 696
51 170 892
51 180 643
51 190 687
51 84 750
51 105 747
52 10 738
52 20 759
52 30 736
52 40 745
52 50 1000
52 60 756
52 65 737
52 80 704
52 90 848
52 100 982
52 110 739
52 120 796
52 130 631
52 140 638
52 137 706
52 160 786
52 132 673
52 180 719
52 62 736
52 117 691
52 45 736
53 10 779
53 20 738
53 30 736
53 40 736
53 50 992
53 51 746
53 70 738
53 80 743
53 90 695
53 67 742
53 41 736
53 120 683
53 130 708
53 81 811
53 150 976
53 160 704
53 170 641
53 180 651
53 190 713
53 200 893
53 210 645
54 10 799
54 20 722
54 30 736
54 40 725
54 50 966
54 60 683
54 70 722
54 80 658
54 90 707
54 76 746
54 110 672
54 120 601
54 89 674
54 140 942
54 150 688
54 160 695
54 161 678
54 180 743
54 190 710
54 200 680
54 103 712
55 10 740
55 20 742
55 30 730
55 40 1094
55 50 1000
55 60 1000
55 70 994
55 80 740
55 90 683
55 100 745
55 110 672
55 120 689
55 90 736
55 140 798
55 150 653
55 89 744
55 170 710
55 180 795
55 190 642
55 200 729
55 68 727
56 10 799
56 20 749
56 30 738
56 40 736
56 50 709
56 60 736
56 70 994
56 80 993
56 90 689
56 100 762
56 110 667
56 120 624
56 130 724
56 140 954
56 150 771
56 126 737
56 95 723
56 180 555
56 52 736
56 200 746
56 135 678
57 10 715
57 20 748
57 30 737
57 40 827
57 50 736
57 60 776
57 70 999
57 80 620
57 90 638
57 100 894
57 59 736
57 120 737
57 130 783
57 69 737
57 113 705
57 160 696
57 48 736
57 180 671
57 190 711
57 200 610
57 210 688
58 10 794
58 20 741
58 30 994
58 40 992
58 40 736
58 60 998
58 69 692
58 80 914
58 41 736
58 100 681
58 61 736
58 120 876
58 130 853
58 140 714
58 150 645
58 160 657
58 170 612
58 180 589
58 190 617
58 200 651
58 210 601
59 10 775
59 20 746
59 30 747
59 40 993
59 50 746
59 55 736
59 70 660
59 80 737
59 44 736
59 69 736
59 110 629
59 120 677
59 130 721
59 140 673
59 42 736
59 160 678
59 170 675
59 179 739
59 54 736
59 200 976
59 210 744
60 10 736
60 20 720
60 30 736
60 40 992
60 50 974
60 60 1000
60 70 736
60 80 936
60 90 642
60 75 736
60 110 727
60 120 736
60 130 611
60 140 695
60 150 643
60 84 713
60 51 736
60 180 710
60 39 736
60 35 736
60 210 619
61 10 760
61 20 738
61 30 992
61 40 994
61 41 736
61 60 1003
61 70 696
61 80 950
61 53 736
61 100 651
61 110 742
61 53 736
61 130 654
61 38 736
61 150 748
61 160 718
61 170 830
61 50 736
61 43 736
61 200 677
61 210 697
62 10 695
62 20 756
62 30 992
62 40 992
62 50 740
62 60 738
62 34 736
62 80 746
62 47 736
62 100 657
62 110 676
62 120 809
62 130 720
62 48 736
62 150 653
62 40 726
62 102 736
62 180 800
62 49 736
62 117 718
62 210 682
63 10 706
63 20 731
63 30 750
63 40 992
63 50 740
63 60 745
63 30 736
63 80 684
63 90 753
63 60 736
63 86 800
63 54 736
63 59 736
63 140 712
63 150 743
63 160 767
63 170 665
63 54 736
63 190 576
63 125 680
63 43 736
64 10 625
64 20 583
64 30 659
64 40 887
64 50 621
64 60 861
64 70 587
64 80 597
64 90 590
64 52 607
64 110 899
64 120 576
64 130 605
64 140 572
64 70 624
64 160 737
64 170 687
64 44 632
64 190 475
64 200 632
64 44 608
65 10 624
65 20 592
65 30 602
65 40 609
65 36 608
65 44 611
65 70 577
65 80 901
65 90 438
65 100 564
65 110 516
65 39 608
65 130 622
65 140 621
65 150 845
65 36 586
65 39 577
65 180 530
65 37 607
65 200 521
65 210 630
66 10 570
66 20 535
66 30 635
66 40 613
66 50 899
66 60 884
66 70 649
66 80 865
66 90 620
66 76 597
66 110 533
66 120 468
66 130 800
66 140 566
66 121 576
66 91 636
66 42 544
66 180 464
66 95 656
66 200 570
66 210 497
67 10 669
67 20 616
67 30 630
67 40 872
67 50 884
67 60 562
67 70 579
67 80 634
67 90 575
67 40 572
67 110 568
67 120 654
67 130 788
67 140 498
67 150 537
67 160 678
67 170 712
67 180 626
67 190 547
67 200 545
67 210 602
68 10 572
68 20 607
68 30 575
68 40 881
68 34 608
68 60 635
68 70 628
68 80 776
68 90 593
68 100 574
68 110 578
68 120 513
68 130 550
68 140 522
68 150 574
68 160 578
68 38 518
68 180 596
68 190 587
68 200 421
68 210 598
69 10 709
69 20 624
69 30 849
69 40 594
69 50 595
69 60 606
69 70 611
69 80 522
69 75 573
69 100 573
69 110 539
69 120 517
69 130 607
69 85 636
69 66 564
69 93 517
69 56 627
69 171 598
69 190 558
69 200 557
69 210 433
70 10 689
70 20 587
70 30 823
70 40 880
70 50 617
70 60 579
70 70 617
70 34 576
70 90 589
70 62 607
70 110 599
70 120 534
70 130 553
70 140 582
70 150 452
70 160 600
70 170 590
70 180 508
70 190 506
70 200 463
70 210 745
71 10 710
71 20 636
71 30 586
71 40 864
71 50 802
71 60 878
71 70 592
71 80 660
71 90 597
71 100 835
71 110 601
71 120 777
71 130 606
71 65 571
71 150 528
71 127 550
71 170 534
71 180 501
71 190 566
71 200 529
71 81 587
72 10 673
72 20 596
72 30 576
72 40 546
72 50 571
72 60 622
72 70 595
72 80 818
72 90 762
72 100 814
72 57 588
72 109 566
72 57 606
72 140 553
72 65 590
72 73 602
72 170 593
72 180 540
72 190 691
72 200 525
72 175 578
73 10 706
73 20 513
73 30 855
73 40 854
73 50 803
73 60 585
73 70 552
73 66 549
73 90 513
73 100 430
73 110 530
73 120 515
73 124 475
73 140 505
73 150 461
73 160 576
73 170 562
73 180 578
73 190 582
73 142 486
73 210 468
74 10 638
74 20 584
74 30 816
74 40 604
74 50 611
74 60 567
74 70 571
74 80 534
74 90 789
74 100 890
74 73 553
74 120 538
74 130 475
74 140 494
74 150 799
74 160 511
74 170 505
74 180 502
74 190 461
74 184 489
74 210 740
75 10 606
75 20 589
75 30 840
75 40 546
75 50 586
75 60 811
75 70 544
75 58 536
75 90 482
75 100 670
75 58 561
75 120 479
75 130 528
75 140 561
75 150 544
75 160 646
75 78 569
75 180 551
75 190 559
75 200 471
75 163 471
76 10 690
76 20 544
76 30 801
76 40 573
76 50 790
76 60 603
76 70 839
76 80 555
76 90 538
76 100 432
76 110 524
76 120 490
76 130 452
76 38 576
76 150 735
76 160 570
76 170 534
76 127 625
76 190 571
76 200 595
76 210 810
77 10 660
77 20 621
77 30 832
77 40 516
77 50 782
77 60 806
77 70 513
77 80 826
77 56 582
77 100 567
77 110 750
77 120 504
77 130 490
77 140 530
77 150 423
77 40 566
77 170 473
77 58 544
77 190 773
77 200 598
77 210 568
78 10 701
78 20 589
78 30 575
78 40 539
78 50 829
78 60 564
78 70 875
78 58 545
78 90 510
78 100 584
78 110 492
78 120 558
78 130 477
78 140 558
78 150 534
78 160 792
78 170 559
78 180 494
78 190 573
78 200 420
78 210 525
79 10 669
79 20 538
79 30 573
79 40 850
79 50 812
79 60 521
79 50 534
79 80 500
79 90 510
79 100 828
79 110 449
79 120 482
79 130 608
79 140 509
79 150 519
79 65 575
79 170 453
79 180 490
79 190 383
79 200 425
79 210 491
80 10 627
80 20 546
80 30 802
80 40 820
80 50 526
80 60 838
80 70 583
80 80 544
80 90 499
80 100 551
80 110 423
80 120 520
80 130 737
80 105 487
80 150 719
80 160 427
80 53 550
80 102 576
80 190 607
80 200 820
80 210 590
81 10 620
81 20 571
81 30 782
81 40 524
81 50 549
81 60 547
81 70 814
81 80 815
81 90 381
81 100 572
81 110 422
81 120 676
81 130 569
81 140 568
81 56 562
81 160 467
81 110 557
81 180 509
81 52 545
81 200 826
81 210 514
82 10 615
82 20 580
82 30 838
82 40 556
82 50 834
82 60 560
82 70 776
82 80 749
82 90 580
82 59 544
82 110 524
82 120 548
82 130 728
82 140 469
82 150 533
82 160 513
82 70 553
82 180 557
82 190 480
82 200 724
82 210 484
83 10 613
83 20 630
83 30 800
83 40 769
83 50 530
83 60 822
83 70 516
83 80 440
83 90 449
83 100 490
83 110 677
83 62 516
83 130 592
83 140 504
83 49 548
83 160 484
83 170 515
83 171 570
83 190 550
83 200 494
83 210 452
84 10 599
84 20 552
84 30 544
84 40 794
84 50 543
84 60 554
84 70 516
84 80 522
84 64 535
84 100 541
84 110 804
84 120 735
84 130 722
84 140 702
84 86 546
84 45 540
84 170 472
84 55 545
84 190 690
84 200 494
84 68 548
85 10 631
85 20 596
85 30 590
85 40 776
85 50 557
85 60 541
85 70 564
85 80 767
85 67 532
85 61 551
85 110 415
85 120 461
85 130 669
85 140 450
85 150 760
85 160 552
85 170 759
85 180 511
85 190 665
85 200 478
85 210 437
86 10 592
86 20 564
86 30 549
86 40 743
86 50 778
86 49 547
86 70 513
86 80 501
86 46 544
86 100 549
86 58 557
86 120 431
86 130 522
86 140 553
86 87 516
86 160 448
86 170 570
86 180 600
86 190 409
86 50 550
86 210 448
87 10 567
87 20 547
87 30 733
87 40 825
87 50 564
87 60 560
87 70 772
87 80 493
87 90 753
87 100 653
87 110 425
87 42 543
87 130 405
87 140 759
87 150 679
87 160 677
87 49 537
87 132 608
87 190 454
87 200 448
87 210 437
88 10 601
88 20 573
88 30 803
88 40 790
88 50 536
88 60 838
88 70 566
88 80 482
88 64 551
88 64 549
88 110 514
88 120 527
88 130 562
88 140 500
88 137 538
88 68 550
88 170 452
88 180 837
88 190 483
88 200 383
88 58 534
89 10 630
89 20 529
89 30 568
89 34 515
89 50 566
89 60 532
89 39 544
89 80 816
89 90 531
89 100 479
89 110 419
89 120 513
89 44 528
89 140 836
89 49 553
89 160 478
89 170 446
89 180 480
89 190 532
89 200 506
89 210 543
90 10 606
90 20 544
90 30 812
90 40 807
90 50 535
90 60 561
90 70 481
90 80 516
90 90 480
90 100 458
90 110 462
90 120 587
90 130 456
90 53 550
90 150 465
90 160 474
90 170 448
90 180 507
90 116 538
90 200 433
90 210 726
91 10 604
91 20 578
91 30 845
91 40 512
91 50 801
91 60 785
91 70 567
91 80 546
91 90 476
91 100 508
91 110 465
91 120 428
91 130 756
91 140 479
91 150 743
91 160 455
91 170 461
91 180 492
91 190 449
91 200 480
91 210 745
92 10 600
92 20 562
92 30 826
92 40 805
92 50 563
92 60 839
92 70 777
92 80 504
92 90 731
92 100 779
92 110 380
92 120 472
92 130 521
92 140 489
92 131 528
92 160 433
92 170 499
92 180 456
92 190 588
92 200 366
92 210 767
93 10 703
93 20 576
93 30 539
93 40 576
93 50 546
93 60 564
93 70 487
93 80 820
93 90 527
93 100 811
93 110 815
93 120 700
93 127 537
93 140 505
93 150 500
93 160 420
93 61 508
93 180 712
93 189 433
93 200 425
93 210 507
94 10 616
94 20 543
94 30 801
94 40 801
94 50 773
94 60 797
94 70 816
94 80 428
94 90 716
94 100 513
94 110 417
94 120 552
94 130 685
94 140 735
94 150 462
94 160 681
94 170 518
94 180 546
94 190 499
94 200 668
94 210 490
95 10 581
95 20 557
95 30 855
95 40 800
95 50 547
95 60 838
95 70 799
95 80 505
95 90 665
95 100 506
95 110 755
95 120 474
95 130 503
95 140 512
95 150 342
95 82 515
95 170 504
95 180 460
95 190 701
95 200 666
95 210 510
96 10 622
96 20 521
96 30 529
96 40 800
96 50 548
96 60 784
96 70 522
96 80 492
96 90 609
96 100 537
96 110 467
96 120 373
96 130 493
96 140 376
96 150 705
96 160 748
96 170 447
96 180 733
96 190 736
96 200 473
96 210 539
97 10 620
97 20 559
97 30 529
97 40 557
97 50 794
97 45 516
97 70 763
97 46 512
97 90 710
97 100 426
97 110 415
97 120 773
97 130 633
97 73 540
97 150 720
97 160 608
97 170 457
97 180 509
97 190 525
97 83 507
97 210 422
98 10 529
98 20 535
98 30 796
98 40 772
98 50 768
98 60 788
98 70 554
98 80 489
98 90 584
98 58 512
98 110 492
98 120 439
98 130 598
98 140 457
98 150 680
98 160 471
98 50 514
98 180 690
98 190 792
98 200 400
98 89 458
99 10 644
99 20 539
99 30 524
99 40 525
99 50 530
99 60 460
99 70 800
99 80 508
99 90 530
99 88 522
99 110 466
99 120 555
99 130 470
99 140 574
99 150 487
99 160 518
99 170 455
99 180 533
99 190 411
99 56 534
99 210 528
100 10 647
100 20 560
100 30 547
100 40 547
100 50 770
100 53 512
100 56 542
100 80 484
100 67 520
100 100 435
100 110 520
100 120 699
100 130 450
100 140 392
100 150 426
100 160 738
100 170 501
100 180 331
100 190 377
100 200 448
100 67 502
101 10 485
101 20 480
101 30 768
101 40 518
101 50 820
101 60 521
101 58 514
101 50 512
101 90 500
101 100 469
101 110 429
101 120 492
101 130 562
101 140 510
101 61 516
101 160 431
101 170 706
101 180 444
101 190 676
101 200 477
101 210 610
102 10 545
102 20 566
102 30 525
102 40 619
102 50 523
102 60 521
102 70 745
102 80 505
102 90 728
102 100 538
102 110 427
102 120 749
102 130 718
102 140 744
102 150 519
102 160 658
102 170 567
102 180 698
102 190 359
102 200 710
102 210 418
103 10 565
103 20 512
103 30 512
103 40 513
103 50 542
103 60 780
103 70 582
103 80 727
103 90 514
103 100 519
103 70 519
103 120 604
103 61 514
103 140 496
103 150 695
103 160 488
103 170 350
103 84 499
103 190 402
103 200 441
103 210 519
104 10 615
104 20 553
104 30 530
104 40 512
104 50 777
104 60 481
104 70 478
104 80 782
104 90 417
104 100 758
104 110 459
104 120 732
104 70 540
104 140 408
104 150 441
104 160 444
104 170 639
104 180 444
104 190 395
104 200 385
104 210 443
105 10 568
105 20 519
105 30 522
105 40 521
105 50 512
105 60 512
105 50 512
105 80 481
105 90 423
105 58 512
105 110 363
105 90 512
105 72 514
105 106 525
105 150 697
105 160 504
105 170 408
105 180 386
105 68 512
105 200 449
105 179 535
106 10 563
106 20 530
106 30 768
106 40 514
106 50 512
106 60 768
106 70 732
106 80 545
106 90 445
106 100 442
106 82 514
106 66 528
106 130 442
106 59 516
106 150 335
106 160 427
106 170 491
106 180 646
106 190 362
106 59 512
106 210 523
107 10 641
107 20 540
107 30 527
107 40 520
107 50 512
107 60 519
107 70 744
107 80 743
107 90 729
107 69 528
107 110 359
107 120 541
107 130 687
107 140 366
107 150 415
107 160 692
107 170 502
107 180 533
107 190 444
107 81 514
107 181 511
108 10 551
108 20 566
108 30 536
108 40 550
108 50 524
108 60 517
108 70 481
108 80 792
108 54 512
108 100 460
108 110 360
108 120 727
108 130 422
108 140 513
108 150 463
108 68 514
108 170 474
108 51 512
108 190 482
108 200 635
108 210 415
109 10 601
109 20 541
109 30 528
109 40 529
109 50 797
109 60 524
109 70 534
109 53 522
109 90 428
109 100 477
109 110 524
109 120 744
109 86 512
109 140 441
109 150 516
109 139 442
109 170 460
109 180 527
109 67 512
109 50 512
109 210 346
110 10 490
110 20 546
110 30 512
110 40 768
110 50 536
110 60 512
110 70 517
110 80 779
110 66 520
110 65 512
110 110 433
110 120 716
110 130 364
110 61 519
110 150 390
110 160 648
110 170 332
110 180 470
110 190 603
110 200 491
110 64 521
111 10 579
111 20 525
111 30 513
111 40 753
111 50 811
111 60 520
111 70 771
111 80 522
111 56 512
111 40 512
111 110 459
111 120 458
111 130 487
111 140 381
111 150 732
111 160 308
111 170 522
111 180 406
111 190 750
111 200 426
111 210 439
112 10 625
112 20 512
112 30 799
112 40 775
112 50 826
112 60 536
112 70 768
112 71 523
112 90 484
112 62 514
112 57 512
112 120 655
112 130 592
112 140 663
112 150 455
112 55 512
112 170 377
112 102 419
112 190 444
112 200 409
112 68 512
113 10 525
113 20 553
113 30 768
113 40 788
113 50 512
113 60 529
113 70 516
113 54 512
113 90 727
113 100 717
113 110 487
113 120 477
113 44 512
113 140 456
113 69 517
113 160 473
113 170 455
113 180 662
113 190 429
113 63 512
113 210 419
114 10 582
114 20 546
114 30 512
114 40 516
114 50 512
114 60 520
114 70 512
114 80 489
114 90 516
114 100 431
114 110 462
114 120 401
114 130 399
114 140 685
114 150 482
114 160 594
114 170 520
114 180 453
114 56 512
114 200 621
114 210 407
115 10 611
115 20 543
115 30 521
115 40 787
115 50 747
115 53 512
115 70 769
115 80 480
115 90 418
115 100 698
115 110 657
115 120 489
115 130 351
115 140 518
115 150 405
115 160 403
115 170 447
115 49 512
115 190 647
115 79 514
115 210 456
116 10 576
116 20 512
116 30 547
116 40 480
116 50 768
116 60 512
116 51 512
116 80 423
116 62 512
116 100 488
116 110 516
116 120 444
116 130 411
116 60 516
116 150 639
116 160 430
116 170 308
116 180 712
116 190 344
116 200 465
116 210 723
117 10 623
117 20 522
117 30 512
117 40 775
117 50 805
117 60 518
117 70 521
117 80 487
117 90 482
117 100 659
117 110 425
117 120 478
117 130 424
117 140 645
117 78 514
117 160 666
117 145 376
117 124 522
117 190 436
117 200 448
117 153 400
118 10 587
118 20 516
118 30 768
118 40 768
118 50 521
118 60 516
118 70 472
118 80 733
118 90 421
118 100 440
118 110 766
118 120 512
118 130 464
118 140 632
118 150 682
118 160 394
118 170 665
118 108 470
118 175 352
118 200 395
118 210 336
119 10 554
119 20 537
119 30 512
119 40 525
119 50 768
119 60 539
119 70 512
119 80 716
119 90 421
119 100 355
119 64 512
119 61 520
119 130 453
119 140 438
119 150 629
119 160 431
119 82 513
119 180 417
119 190 484
119 200 371
119 210 487
120 10 557
120 20 537
120 30 524
120 40 782
120 50 512
120 60 512
120 70 512
120 80 772
120 90 646
120 100 658
120 110 394
120 53 512
120 130 414
120 140 361
120 150 591
120 160 734
120 170 363
120 180 434
120 190 402
120 200 403
120 210 470
121 10 500
121 20 520
121 30 512
121 40 768
121 50 768
121 60 770
121 70 512
121 80 781
121 90 445
121 100 704
121 110 349
121 120 501
121 75 512
121 140 463
121 145 471
121 49 512
121 170 449
121 180 512
121 190 454
121 42 512
121 61 514
122 10 717
122 20 526
122 30 529
122 40 781
122 50 768
122 60 518
122 70 512
122 80 448
122 90 770
122 100 740
122 110 658
122 120 371
122 130 449
122 63 512
122 63 512
122 160 463
122 170 513
122 180 360
122 190 426
122 200 489
122 210 713
123 10 498
123 20 508
123 30 512
123 40 768
123 50 514
123 60 776
123 70 711
123 80 769
123 90 576
123 100 480
123 56 512
123 120 484
123 130 427
123 80 512
123 150 429
123 160 387
123 55 512
123 180 512
123 190 655
123 200 663
123 210 496
124 10 582
124 20 572
124 30 512
124 40 763
124 50 512
124 60 540
124 70 770
124 80 458
124 90 491
124 100 690
124 110 771
124 120 362
124 130 391
124 140 666
124 150 638
124 160 352
124 170 379
124 135 512
124 190 379
124 62 512
124 210 379
125 10 653
125 20 537
125 30 784
125 40 789
125 50 768
125 60 532
125 70 768
125 60 512
125 90 689
125 100 576
125 79 512
125 120 406
125 130 334
125 140 482
125 150 486
125 160 344
125 170 538
125 180 311
125 190 306
125 43 512
125 210 457
126 10 513
126 20 573
126 30 860
126 40 515
126 50 514
126 60 768
126 70 522
126 80 469
126 90 517
126 100 432
126 110 466
126 120 497
126 130 408
126 140 326
126 80 512
126 86 477
126 117 512
126 180 262
126 190 762
126 200 398
126 210 483
127 10 585
127 20 518
127 30 516
127 40 512
127 50 502
127 60 470
127 70 768
127 68 512
127 48 512
127 100 654
127 87 512
127 120 519
127 54 512
127 140 449
127 150 418
127 160 621
127 170 395
127 84 512
127 190 403
127 200 383
127 210 470
128 10 370
128 20 143
128 30 337
128 40 318
128 50 460
128 60 441
128 70 192
128 80 548
128 90 228
128 100 619
128 110 329
128 120 359
128 55 202
128 67 165
128 150 419
128 160 647
128 170 323
128 180 356
128 109 282
128 200 577
128 210 337
129 10 527
129 20 259
129 30 545
129 40 395
129 50 175
129 60 580
129 70 488
129 80 445
129 90 328
129 100 273
129 70 280
129 120 567
129 130 647
129 140 218
129 150 577
129 160 716
129 170 425
129 180 327
129 190 633
129 200 300
129 210 347
130 10 452
130 20 237
130 30 256
130 40 433
130 50 257
130 60 372
130 70 170
130 80 332
130 90 242
130 100 122
130 110 268
130 120 298
130 130 246
130 68 286
130 150 175
130 160 480
130 170 292
130 180 651
130 190 284
130 127 174
130 210 328
131 10 488
131 20 310
131 30 488
131 40 240
131 50 194
131 60 457
131 70 185
131 80 265
131 72 160
131 100 296
131 110 436
131 120 175
131 130 233
131 140 153
131 150 549
131 160 256
131 170 219
131 180 326
131 190 335
131 200 252
131 210 335
132 10 426
132 20 225
132 30 194
132 40 422
132 50 258
132 60 139
132 70 178
132 80 415
132 43 254
132 100 232
132 110 255
132 120 525
132 130 155
132 140 247
132 95 102
132 160 640
132 170 323
132 180 238
132 190 257
132 200 215
132 210 487
133 10 415
133 20 265
133 30 241
133 40 427
133 50 490
133 60 600
133 70 127
133 70 189
133 90 543
133 100 308
133 68 126
133 120 194
133 49 198
133 140 250
133 150 249
133 88 191
133 170 304
133 180 260
133 49 124
133 200 193
133 210 273
134 10 411
134 20 288
134 30 208
134 40 157
134 50 194
134 60 342
134 70 172
134 80 190
134 90 213
134 100 417
134 110 217
134 120 191
134 130 266
134 140 243
134 60 150
134 160 249
134 170 252
134 180 509
134 190 163
134 200 296
134 210 306
135 10 508
135 20 257
135 30 257
135 40 526
135 50 179
135 60 219
135 70 136
135 80 323
135 90 381
135 100 248
135 110 306
135 120 471
135 130 300
135 140 510
135 150 592
135 160 256
135 170 288
135 114 218
135 190 232
135 200 177
135 129 287
136 10 449
136 20 222
136 30 133
136 40 384
136 50 167
136 60 432
136 70 223
136 80 428
136 90 149
136 100 371
136 110 550
136 120 481
136 130 162
136 140 192
136 150 201
136 66 113
136 170 272
136 180 258
136 190 297
136 200 214
136 210 335
137 10 401
137 20 230
137 30 434
137 40 454
137 50 422
137 60 198
137 70 81
137 80 307
137 90 174
137 100 447
137 110 280
137 120 424
137 130 418
137 140 356
137 70 52
137 160 248
137 170 283
137 180 204
137 190 203
137 200 353
137 210 191
138 10 509
138 20 304
138 30 97
138 40 316
138 50 402
138 60 117
138 70 180
138 67 28
138 90 374
138 100 468
138 110 466
138 120 480
138 130 210
138 140 162
138 150 347
138 62 100
138 170 429
138 180 196
138 190 178
138 200 115
138 210 183
139 10 484
139 20 225
139 30 130
139 40 85
139 50 117
139 60 226
139 70 68
139 80 126
139 90 519
139 100 179
139 110 152
139 120 280
139 130 147
139 123 94
139 150 240
139 160 111
139 170 276
139 180 315
139 190 505
139 200 212
139 210 530
140 10 420
140 20 115
140 30 165
140 40 72
140 50 402
140 60 143
140 70 162
140 80 180
140 90 384
140 100 133
140 110 201
140 120 202
140 130 83
140 140 454
140 60 118
140 65 145
140 49 192
140 180 226
140 190 199
140 200 114
140 201 243
141 10 517
141 20 237
141 30 204
141 40 281
141 50 353
141 60 463
141 70 170
141 80 410
141 90 132
141 100 177
141 110 421
141 120 165
141 130 234
141 140 165
141 80 231
141 160 143
141 170 227
141 180 347
141 190 297
141 200 479
141 126 121
142 10 408
142 20 239
142 30 188
142 40 157
142 50 186
142 60 122
142 70 235
142 80 375
142 90 77
142 100 434
142 110 285
142 120 127
142 130 268
142 132 165
142 150 245
142 160 172
142 170 163
142 80 90
142 190 287
142 81 169
142 97 122
143 10 427
143 20 211
143 30 514
143 40 139
143 50 365
143 60 77
143 70 222
143 80 104
143 90 81
143 66 137
143 110 151
143 120 114
143 130 119
143 140 191
143 150 458
143 160 168
143 170 385
143 180 170
143 190 283
143 200 199
143 210 145
144 10 345
144 20 65
144 30 404
144 40 154
144 50 185
144 60 48
144 70 99
144 80 126
144 90 126
144 100 309
144 110 143
144 120 424
144 130 393
144 140 187
144 70 220
144 160 196
144 170 148
144 122 180
144 73 136
144 200 405
144 210 135
145 10 512
145 20 151
145 30 364
145 40 93
145 50 464
145 60 327
145 70 350
145 80 155
145 90 365
145 100 62
145 110 356
145 120 89
145 130 452
145 140 191
145 66 151
145 160 362
145 170 485
145 97 157
145 190 517
145 200 289
145 210 547
146 10 503
146 20 260
146 30 353
146 40 86
146 50 64
146 60 184
146 70 422
146 80 426
146 90 219
146 100 342
146 94 119
146 120 461
146 130 177
146 74 133
146 150 170
146 127 63
146 60 199
146 180 244
146 190 232
146 200 122
146 210 255
147 10 420
147 20 216
147 30 123
147 40 386
147 50 389
147 60 371
147 44 36
147 80 391
147 63 117
147 100 86
147 110 34
147 120 459
147 130 127
147 47 173
147 150 137
147 160 187
147 170 188
147 180 188
147 190 221
147 200 175
147 210 192
148 10 438
148 20 159
148 30 76
148 40 354
148 50 136
148 60 106
148 70 379
148 80 125
148 90 117
148 100 226
148 110 404
148 120 129
148 130 174
148 72 127
148 150 230
148 160 198
148 170 294
148 180 122
148 190 424
148 200 113
148 210 252
149 10 416
149 20 169
149 30 320
149 40 32
149 50 449
149 60 142
149 70 390
149 71 129
149 90 357
149 100 114
149 110 133
149 67 84
149 130 141
149 140 287
149 88 70
149 66 43
149 170 222
149 180 204
149 88 100
149 200 401
149 67 161
150 10 378
150 20 195
150 30 193
150 40 350
150 50 357
150 60 415
150 70 70
150 80 34
150 90 168
150 100 102
150 110 410
150 120 467
150 130 116
150 140 126
150 150 134
150 160 202
150 170 407
150 180 121
150 190 459
150 200 110
150 210 198
151 10 343
151 20 182
151 30 0
152 10 408
152 20 251
152 30 333
152 40 67
152 50 17
152 55 35
152 70 262
152 80 379
152 90 177
152 100 69
152 110 122
152 120 354
152 130 195
152 140 210
152 150 148
152 160 185
152 170 381
152 180 74
152 190 134
152 200 213
152 210 237
153 10 391
153 20 47
153 30 58
153 40 271
153 50 358
153 60 394
153 70 119
153 80 42
153 90 430
153 88 135
153 110 446
153 120 346
153 130 182
153 140 123
153 150 406
153 89 48
153 75 127
153 180 458
153 190 127
153 200 197
153 210 416
154 10 343
154 20 250
154 30 383
154 40 297
154 50 344
154 58 81
154 70 335
154 80 105
154 90 451
154 82 94
154 65 47
154 120 138
154 130 131
154 73 189
154 150 143
154 160 177
154 109 172
154 180 575
154 190 473
154 200 479
154 210 172
155 10 393
155 20 168
155 30 262
155 40 424
155 50 408
155 60 146
155 70 360
155 80 384
155 90 163
155 100 242
155 110 305
155 120 274
155 57 160
155 140 402
155 150 123
155 48 50
155 170 200
155 180 206
155 190 187
155 200 228
155 210 473
156 10 375
156 20 266
156 30 295
156 40 106
156 50 362
156 60 107
156 70 29
156 80 180
156 90 193
156 100 178
156 110 385
156 120 189
156 130 169
156 76 53
156 150 94
156 160 164
156 170 168
156 61 96
156 190 378
156 200 407
156 210 137
157 10 353
157 20 181
157 30 107
157 40 404
157 50 139
157 60 73
157 70 335
157 80 450
157 77 143
157 100 84
157 110 68
157 120 368
157 58 166
157 140 159
157 150 219
157 160 467
157 79 14
157 68 135
157 190 212
157 200 131
157 210 150
158 10 319
158 20 144
158 30 114
158 40 312
158 50 85
158 60 395
158 70 182
158 80 73
158 90 147
158 100 134
158 110 254
158 120 210
158 130 149
158 140 123
158 150 142
158 160 120
158 92 98
158 62 157
158 190 452
158 200 225
158 210 202
159 10 423
159 20 155
159 30 287
159 40 95
159 50 71
159 60 71
159 70 196
159 80 18
159 90 384
159 100 194
159 110 192
159 120 147
159 130 179
159 140 451
159 150 145
159 160 180
159 170 197
159 180 440
159 190 176
159 200 485
159 210 188
160 10 379
160 20 154
160 30 122
160 40 293
160 50 99
160 60 297
160 70 345
160 57 0
161 10 393
161 20 161
161 30 332
161 40 138
161 50 106
161 60 331
161 70 17
161 80 110
161 90 286
161 58 27
161 110 347
161 120 43
161 130 143
161 140 138
161 150 95
161 160 395
161 170 124
161 180 210
161 190 227
161 47 0
162 10 285
162 20 146
162 30 277
162 40 348
162 50 74
162 60 275
162 70 30
162 80 330
162 90 335
162 57 70
162 91 97
162 120 145
162 130 81
162 140 420
162 150 149
162 160 74
162 170 93
162 180 358
162 190 113
162 200 395
162 210 106
163 10 378
163 20 218
163 30 141
163 40 184
163 50 90
163 60 300
163 70 346
163 80 134
163 90 154
163 100 23
163 110 353
163 120 322
163 130 98
163 140 112
163 150 362
163 160 435
163 170 105
163 180 126
163 190 111
163 200 120
163 210 252
164 10 281
164 20 131
164 30 59
164 40 129
164 50 33
164 60 275
164 70 303
164 80 274
164 90 94
164 100 102
164 110 370
164 120 119
164 130 178
164 140 403
164 150 134
164 160 129
164 170 207
164 180 146
164 57 64
164 171 112
164 64 53
165 10 382
165 20 49
165 30 346
165 40 351
165 50 308
165 60 340
165 70 153
165 80 396
165 90 380
165 100 384
165 110 111
165 120 354
165 130 308
165 140 62
165 79 51
165 160 358
165 170 431
165 180 395
165 190 185
165 131 114
165 210 163
166 10 317
166 20 80
166 30 346
166 40 425
166 50 313
166 60 68
166 70 378
166 80 384
166 90 63
166 100 346
166 110 426
166 120 81
166 130 112
166 140 93
166 150 131
166 160 70
166 170 88
166 180 84
166 190 139
166 43 142
166 210 389
167 10 383
167 20 150
167 30 187
167 40 79
167 50 356
167 60 41
167 70 395
167 80 87
167 90 67
167 100 97
167 110 150
167 120 125
167 130 384
167 71 66
167 150 225
167 160 105
167 170 441
167 180 487
167 190 150
167 200 142
167 210 112
168 10 487
168 20 214
168 30 78
168 40 270
168 50 78
168 60 425
168 70 303
168 80 309
168 55 64
168 100 96
168 110 28
168 120 428
168 130 134
168 140 185
168 150 364
168 72 90
168 170 44
168 180 441
168 190 87
168 200 135
168 210 399
169 10 345
169 20 122
169 30 128
169 40 314
169 50 273
169 60 78
169 70 59
169 80 320
169 90 333
169 100 189
169 110 120
169 120 97
169 130 111
169 140 325
169 72 44
169 160 91
169 170 103
169 90 43
169 190 387
169 200 71
169 210 144
170 10 478
170 20 58
170 30 32
170 40 402
170 50 59
170 60 83
170 70 397
170 80 96
170 90 125
170 100 314
170 110 318
170 120 359
170 130 399
170 140 158
170 150 331
170 160 77
170 170 84
170 180 41
170 190 124
170 200 81
170 210 247
171 10 302
171 20 215
171 30 106
171 40 68
171 50 328
171 60 320
171 70 343
171 80 325
171 90 38
171 100 391
171 110 133
171 120 38
171 130 51
171 140 367
171 150 13
171 160 353
171 170 161
171 180 54
171 113 75
171 200 419
171 199 94
172 10 352
172 20 122
172 30 122
172 40 106
172 50 65
172 60 317
172 70 55
172 80 90
172 52 64
172 100 28
172 110 178
172 57 51
172 130 311
172 140 107
172 150 403
172 160 100
172 170 128
172 180 120
172 74 91
172 200 370
172 210 196
173 10 352
173 20 193
173 30 104
173 40 310
173 50 49
173 60 91
173 70 276
173 80 13
173 90 50
173 100 340
173 110 325
173 120 114
173 130 130
173 140 117
173 150 377
173 160 54
173 170 147
173 180 344
173 190 272
173 200 99
173 210 171
174 10 339
174 20 115
174 30 14
174 40 284
174 50 268
174 60 9
174 70 392
174 80 285
174 90 285
174 100 32
174 110 97
174 120 58
174 130 169
174 140 391
174 150 109
174 160 94
174 170 396
174 180 50
174 190 398
174 200 76
174 210 117
175 10 410
175 20 173
175 30 335
175 40 292
175 50 56
175 60 323
175 70 35
175 80 344
175 90 326
175 100 107
175 110 282
175 120 60
175 130 69
175 140 126
175 150 89
175 160 73
175 170 314
175 180 398
175 190 96
175 200 134
175 210 389
176 10 401
176 20 80
176 30 389
176 40 137
176 50 354
176 60 341
176 70 208
176 67 96
176 90 60
176 100 316
176 110 92
176 120 104
176 64 64
176 140 164
176 150 350
176 160 86
176 170 135
176 180 340
176 56 64
176 200 88
176 210 103
177 10 472
177 20 218
177 30 91
177 40 65
177 50 22
177 60 58
177 70 320
177 80 336
177 90 135
177 100 57
177 110 314
177 120 124
177 130 357
177 140 355
177 150 374
177 160 161
177 170 95
177 71 40
177 190 330
177 200 105
177 75 9
178 10 282
178 20 142
178 30 79
178 40 115
178 50 324
178 60 64
178 70 329
178 80 55
178 90 34
178 100 338
178 110 88
178 120 84
178 130 311
178 140 108
178 150 327
178 160 397
178 170 97
178 123 96
178 190 74
178 200 58
178 210 152
179 10 318
179 20 92
179 30 374
179 40 316
179 50 325
179 60 91
179 70 104
179 80 347
179 90 94
179 100 112
179 110 79
179 120 274
179 130 93
179 140 95
179 150 84
179 160 72
179 170 441
179 180 114
179 71 34
179 200 400
179 210 144
180 10 351
180 20 117
180 30 64
180 40 320
180 50 84
180 60 318
180 70 67
180 80 56
180 90 349
180 100 351
180 110 85
180 120 333
180 130 396
180 140 46
180 53 2
180 160 101
180 170 386
180 180 65
180 190 188
180 200 439
180 210 163
181 10 436
181 20 105
181 30 30
181 40 320
181 50 185
181 60 311
181 70 276
181 80 128
181 72 67
181 100 29
181 110 298
181 120 94
181 130 88
181 64 60
181 150 45
181 160 494
181 170 145
181 180 355
181 190 131
181 200 106
181 210 166
182 10 266
182 20 146
182 30 368
182 40 267
182 50 33
182 60 140
182 70 294
182 80 296
182 90 319
182 100 144
182 110 181
182 120 96
182 130 105
182 140 70
182 150 146
182 160 192
182 170 136
182 180 444
182 190 76
182 113 89
182 210 86
183 10 389
183 20 169
183 30 376
183 40 325
183 50 64
183 60 339
183 70 318
183 80 328
183 90 321
183 100 89
183 110 68
183 120 129
183 130 69
183 140 110
183 150 93
183 160 317
183 170 84
183 180 96
183 190 133
183 200 112
183 125 61
184 10 348
184 20 134
184 30 94
184 40 352
184 50 296
184 60 342
184 70 52
184 80 291
184 90 346
184 100 97
184 110 19
184 120 344
184 130 378
184 140 108
184 72 87
184 160 70
184 170 73
184 180 374
184 190 46
184 200 91
184 210 385
185 10 321
185 20 121
185 30 89
185 40 190
185 50 320
185 60 52
185 70 62
185 80 11
185 90 64
185 74 2
185 110 42
185 120 72
185 77 71
185 140 44
185 150 89
185 160 60
185 170 124
185 180 47
185 190 356
185 200 107
185 210 175
186 10 458
186 20 152
186 30 322
186 40 71
186 50 72
186 60 64
186 70 290
186 80 116
186 90 337
186 100 126
186 110 102
186 120 43
186 130 96
186 140 92
186 64 20
186 160 407
186 111 74
186 180 388
186 50 66
186 175 96
186 210 96
187 10 401
187 20 183
187 30 376
187 40 58
187 50 302
187 60 331
187 70 76
187 80 77
187 90 6
187 100 51
187 110 79
187 120 407
187 130 140
187 140 334
187 150 430
187 160 62
187 170 80
187 180 186
187 190 350
187 200 108
187 210 294
188 10 321
188 20 68
188 30 322
188 40 314
188 50 301
188 60 65
188 70 306
188 80 131
188 69 58
188 100 329
188 110 57
188 120 70
188 130 131
188 140 102
188 150 31
188 160 100
188 69 0
189 10 342
189 20 147
189 30 90
189 40 298
189 50 64
189 60 288
189 70 324
189 80 198
189 90 296
189 100 90
189 110 358
189 120 297
189 130 160
189 140 341
189 150 380
189 160 318
189 170 181
189 180 71
189 190 110
189 200 161
189 210 93
190 10 386
190 20 149
190 30 106
190 40 81
190 50 73
190 60 125
190 70 271
190 80 138
190 90 27
190 100 85
190 110 93
190 120 357
190 110 111
190 140 95
190 150 340
190 160 73
190 170 79
190 180 136
190 190 123
190 200 78
190 85 61
191 10 387
191 20 81
191 30 126
191 40 49
191 50 50
191 60 346
191 70 310
191 80 21
191 90 95
191 100 372
191 110 82
191 120 352
191 130 166
191 140 361
191 150 365
191 160 117
191 170 126
191 180 124
191 190 78
191 200 111
191 210 319
192 10 357
192 20 175
192 30 56
192 40 106
192 50 79
192 60 320
192 70 15
192 80 345
192 90 335
192 93 43
192 56 11
192 120 31
192 56 0
193 10 316
193 20 118
193 30 50
193 40 422
193 50 285
193 60 29
193 70 288
193 80 299
193 90 297
193 100 73
193 110 122
193 59 6
193 130 297
193 140 3
193 150 33
193 160 361
193 170 66
193 180 61
193 190 50
193 200 388
193 210 89
194 10 353
194 20 159
194 30 346
194 40 27
194 50 60
194 60 268
194 69 0
195 10 424
195 20 111
195 30 40
195 40 271
195 50 271
195 60 66
195 70 33
195 80 302
195 90 64
195 75 52
195 110 55
195 120 86
195 66 5
195 140 351
195 150 38
195 60 3
195 170 391
195 180 46
195 190 95
195 200 265
195 86 51
196 10 507
196 20 30
196 30 57
196 40 19
196 50 257
196 60 3
196 70 36
196 80 266
196 90 274
196 100 73
196 54 12
196 120 14
196 130 311
196 140 36
196 124 53
196 160 31
196 170 62
196 180 335
196 190 70
196 200 43
196 122 15
197 10 396
197 20 112
197 30 351
197 40 287
197 50 44
197 60 38
197 70 292
197 80 42
197 90 33
197 100 123
197 110 113
197 120 354
197 67 24
197 81 14
197 71 0
198 10 304
198 20 85
198 30 17
198 40 329
198 50 324
198 60 290
198 70 264
198 80 300
198 90 15
198 100 65
198 86 93
198 120 101
198 130 303
198 140 306
198 150 77
198 160 61
198 64 68
198 101 42
198 190 347
198 200 52
198 74 9
199 10 369
199 20 101
199 30 295
199 40 56
199 50 264
199 60 76
199 70 285
199 80 262
199 90 267
199 100 34
199 110 54
199 120 326
199 130 289
199 140 300
199 150 322
199 160 321
199 170 38
199 180 54
199 81 33
199 200 49
199 210 47
200 10 247
200 20 80
200 30 75
200 40 8
200 50 0
201 10 346
201 20 149
201 30 32
201 40 293
201 50 0
202 10 372
202 20 144
202 30 11
202 40 39
202 50 24
202 60 5
202 70 258
202 80 256
202 90 308
202 100 298
202 110 265
202 120 4
202 130 305
202 140 302
202 150 23
202 160 293
202 170 20
202 67 2
202 190 328
202 200 323
202 79 2
203 10 420
203 20 50
203 30 37
203 40 4
203 50 2
203 60 10
203 70 293
203 66 35
203 90 37
203 100 63
203 110 48
203 69 0
204 10 326
204 20 110
204 30 300
204 40 8
204 50 16
204 60 9
204 70 277
204 80 259
204 90 260
204 100 280
204 110 43
204 120 286
204 130 33
204 140 45
204 150 33
204 160 8
204 170 21
204 180 22
204 190 50
204 200 23
204 210 58
205 10 402
205 20 64
205 30 53
205 40 274
205 50 338
205 60 50
205 70 274
205 80 48
205 76 2
205 100 48
205 89 0
206 10 251
206 20 104
206 30 21
206 40 29
206 50 2
206 60 5
206 70 270
206 80 280
206 90 34
206 100 23
206 110 13
206 120 82
206 130 54
206 80 0
207 10 331
207 20 119
207 30 0
208 10 417
208 20 191
208 30 24
208 40 327
208 50 283
208 60 0
209 10 338
209 20 171
209 30 54
209 40 3
209 50 2
209 60 7
209 70 8
209 80 7
209 90 47
209 100 287
209 110 93
209 120 297
209 130 24
209 56 0
210 10 350
210 20 125
210 30 37
210 40 261
210 50 19
210 58 6
210 70 16
210 72 32
210 90 259
210 100 0
211 10 353
211 20 78
211 30 3
211 40 270
211 50 260
211 60 266
211 70 2
211 80 262
211 90 16
211 100 46
211 110 291
211 120 297
211 130 295
211 140 31
211 150 12
211 117 10
211 170 276
211 180 344
211 190 53
211 200 52
211 210 23
212 10 317
212 20 38
212 30 25
212 40 36
212 50 8
212 60 13
212 70 290
212 80 272
212 90 27
212 100 46
212 110 20
212 120 309
212 107 27
212 140 18
212 150 280
212 97 0
213 10 266
213 20 52
213 30 14
213 40 25
213 50 261
213 60 258
213 70 256
213 80 274
213 65 12
213 100 23
213 110 299
213 120 281
213 130 259
213 140 21
213 150 0
214 10 213
214 20 108
214 30 5
214 40 256
214 50 14
214 60 2
214 70 0
215 10 301
215 20 103
215 30 70
215 40 36
215 50 261
215 60 296
215 70 256
215 80 272
215 90 304
215 65 0
216 10 414
216 20 106
216 30 299
216 40 301
216 50 0
217 10 393
217 20 88
217 30 185
217 40 284
217 50 257
217 60 27
217 70 265
217 80 259
217 90 278
217 100 6
217 110 13
217 120 291
217 130 283
217 140 0
218 10 280
218 20 82
218 30 46
218 40 25
218 50 256
218 60 256
218 60 0
219 10 314
219 20 154
219 30 55
219 40 256
219 50 1
219 60 4
219 70 264
219 80 259
219 78 1
219 100 39
219 110 270
219 120 10
219 130 22
219 140 293
219 150 261
219 160 267
219 170 320
219 102 2
219 190 5
219 200 16
219 116 4
220 10 324
220 20 143
220 30 2
220 40 6
220 50 274
220 60 292
220 70 2
220 80 8
220 90 265
220 100 17
220 110 276
220 120 39
220 125 32
220 85 0
221 10 417
221 20 74
221 30 293
221 40 4
221 50 3
221 60 283
221 59 0
222 10 196
222 20 116
222 30 0
223 10 317
223 20 76
223 30 264
223 40 267
223 50 43
223 60 256
223 70 256
223 80 273
223 90 6
223 100 21
223 110 39
223 120 263
223 130 276
223 140 296
223 150 52
223 160 23
223 170 33
223 180 280
223 190 275
223 200 47
223 210 300
224 10 295
224 20 180
224 30 2
224 40 303
224 50 317
224 60 266
224 70 15
224 80 286
224 90 24
224 100 17
224 110 46
224 120 268
224 130 2
224 140 256
224 150 13
224 160 21
224 170 261
224 180 295
224 190 298
224 200 299
224 210 315
225 10 288
225 20 92
225 30 29
225 40 19
225 50 9
225 60 38
225 70 7
225 80 0
226 10 380
226 20 108
226 30 262
226 40 0
227 10 375
227 20 108
227 30 18
227 40 287
227 50 269
227 60 256
227 70 256
227 80 266
227 90 2
227 59 0
228 10 253
228 20 135
228 30 274
228 40 5
228 50 95
228 60 256
228 70 11
228 80 44
228 90 1
228 100 275
228 110 1
228 120 13
228 130 0
229 10 321
229 20 102
229 30 16
229 40 0
230 10 206
230 20 69
230 30 257
230 40 28
230 50 256
230 60 256
230 70 0
231 10 297
231 20 78
231 30 14
231 40 16
231 50 257
231 60 2
231 70 0
232 10 323
232 20 35
232 30 256
232 40 276
232 50 4
232 60 4
232 70 349
232 80 34
232 90 5
232 100 1
232 110 0
233 10 344
233 20 53
233 30 404
233 40 0
234 10 288
234 20 114
234 30 281
234 40 256
234 50 256
234 60 0
235 10 291
235 20 68
235 30 371
235 40 256
235 50 24
235 60 267
235 70 0
236 10 292
236 20 37
236 30 39
236 40 258
236 50 13
236 60 256
236 70 260
236 80 5
236 86 0
237 10 281
237 20 142
237 30 14
237 40 9
237 50 256
237 60 0
238 10 321
238 20 61
238 30 69
238 40 256
238 50 0
239 10 261
239 20 44
239 30 0
240 10 478
240 20 113
240 30 3
240 40 86
240 50 27
240 60 256
240 70 289
240 80 7
240 90 266
240 56 0
241 10 429
241 20 82
241 30 0
242 10 286
242 20 148
242 30 23
242 40 256
242 50 257
242 60 283
242 70 257
242 80 259
242 71 0
243 10 333
243 20 2
243 30 6
243 40 33
243 50 1
243 60 256
243 70 5
243 80 46
243 90 1
243 100 3
243 110 260
243 119 0
244 10 216
244 20 77
244 30 256
244 40 283
244 50 4
244 60 99
244 70 256
244 80 2
244 90 4
244 100 256
244 110 0
245 10 318
245 20 96
245 30 11
245 40 271
245 50 260
245 60 256
245 54 0
246 10 298
246 20 150
246 30 0
247 10 255
247 20 85
247 30 5
247 40 258
247 50 256
247 60 279
247 70 4
247 59 0
248 10 295
248 20 72
248 30 48
248 40 256
248 50 12
248 60 306
248 70 256
248 80 0
249 10 281
249 20 26
249 30 42
249 40 29
249 50 256
249 60 0
250 10 382
250 20 144
250 30 285
250 40 2
250 50 261
250 60 1
250 70 257
250 80 300
250 90 0
251 10 292
251 20 54
251 30 8
251 40 383
251 50 1
251 60 0
252 10 351
252 20 96
252 30 0
253 10 236
253 20 110
253 30 4
253 40 0
254 10 336
254 20 125
254 30 0
255 10 254
255 20 2
255 30 0
