0 6 744
0 6 744
0 6 744
0 6 744
0 6 744
0 6 744
0 6 744
0 6 744
0 6 744
0 6 744
0 6 744
0 6 744
0 6 744
0 6 744
0 6 744
0 6 744
0 6 744
0 6 744
0 6 744
0 6 744
0 6 744
1 7 790
1 7 736
1 7 715
1 7 736
1 7 758
1 7 737
1 7 789
1 7 725
1 7 804
1 7 738
1 7 761
1 7 718
1 7 712
1 7 728
1 7 690
1 7 745
1 7 696
1 7 739
1 7 740
1 7 707
1 7 795
2 7 724
2 7 729
2 7 737
2 7 720
2 7 738
2 7 737
2 7 722
2 7 732
2 7 745
2 7 733
2 7 741
2 7 728
2 7 741
2 7 742
2 7 736
2 7 730
2 7 726
2 7 720
2 7 727
2 7 716
2 7 736
3 7 704
3 7 704
3 7 704
3 7 704
3 7 704
3 7 704
3 7 704
3 7 704
3 7 704
3 7 704
3 7 704
3 7 704
3 7 704
3 7 704
3 7 704
3 7 704
3 7 704
3 7 704
3 7 704
3 7 704
3 7 704
4 8 704
4 8 686
4 8 713
4 8 709
4 8 709
4 8 711
4 8 697
4 8 702
4 8 705
4 8 703
4 8 704
4 8 693
4 8 706
4 8 719
4 8 701
4 8 697
4 8 709
4 8 703
4 8 710
4 8 698
4 8 706
5 8 705
5 8 716
5 8 722
5 8 696
5 8 714
5 8 684
5 8 677
5 8 677
5 8 716
5 8 688
5 8 720
5 8 697
5 8 692
5 8 674
5 8 688
5 8 690
5 8 725
5 8 735
5 8 715
5 8 685
5 8 724
6 8 711
6 8 704
6 8 706
6 8 701
6 8 699
6 8 709
6 8 710
6 8 703
6 8 697
6 8 701
6 8 709
6 8 692
6 8 702
6 8 712
6 8 711
6 8 706
6 8 697
6 8 703
6 8 688
6 8 694
6 8 700
7 8 730
7 8 815
7 8 691
7 8 670
7 8 716
7 8 704
7 8 761
7 8 675
7 8 661
7 8 749
7 8 615
7 8 738
7 8 703
7 8 712
7 8 718
7 8 638
7 8 673
7 8 733
7 8 746
7 8 640
7 8 731
8 8 660
8 8 655
8 8 687
8 8 676
8 8 667
8 8 671
8 8 680
8 8 666
8 8 683
8 8 662
8 8 669
8 8 680
8 8 659
8 8 667
8 8 663
8 8 660
8 8 668
8 8 661
8 8 668
8 8 668
8 8 664
9 8 648
9 8 660
9 8 662
9 8 666
9 8 671
9 8 659
9 8 669
9 8 667
9 8 653
9 8 657
9 8 654
9 8 670
9 8 661
9 8 663
9 8 667
9 8 657
9 8 664
9 8 648
9 8 651
9 8 654
9 8 648
10 9 657
10 8 666
10 9 664
10 8 659
10 9 654
10 8 654
10 8 675
10 9 685
10 9 660
10 9 658
10 9 657
10 9 665
10 8 658
10 9 663
10 9 652
10 8 670
10 9 667
10 8 688
10 8 663
10 8 678
10 8 664
11 8 648
11 8 656
11 9 656
11 8 658
11 9 657
11 8 666
11 8 664
11 9 653
11 9 646
11 8 666
11 8 662
11 8 656
11 9 648
11 9 656
11 8 672
11 8 656
11 9 664
11 8 656
11 8 671
11 8 649
11 8 655
12 9 640
12 9 640
12 9 640
12 9 640
12 9 640
12 9 640
12 9 640
12 9 640
12 9 640
12 9 640
12 9 640
12 9 640
12 9 640
12 9 640
12 9 640
12 9 640
12 9 640
12 9 640
12 9 640
12 9 640
12 9 640
13 9 640
13 9 640
13 9 640
13 9 640
13 9 640
13 9 640
13 9 640
13 9 640
13 9 640
13 9 640
13 9 640
13 9 640
13 9 640
13 9 640
13 9 640
13 9 640
13 9 640
13 9 640
13 9 640
13 9 640
13 9 640
14 9 640
14 9 640
14 9 640
14 9 640
14 9 640
14 9 640
14 9 640
14 9 640
14 9 640
14 9 640
14 9 640
14 9 640
14 9 640
14 9 640
14 9 640
14 9 640
14 9 640
14 9 640
14 9 640
14 9 640
14 9 640
15 9 640
15 9 640
15 9 640
15 9 640
15 9 640
15 9 640
15 9 640
15 9 640
15 9 640
15 9 640
15 9 640
15 9 640
15 9 640
15 9 640
15 9 640
15 9 640
15 9 640
15 9 640
15 9 640
15 9 640
15 9 640
16 9 640
16 9 640
16 9 640
16 9 640
16 9 640
16 9 640
16 9 640
16 9 640
16 9 640
16 9 640
16 9 640
16 9 640
16 9 639
16 9 640
16 9 640
16 9 640
16 9 640
16 9 640
16 9 640
16 9 640
16 9 640
17 9 640
17 9 634
17 9 636
17 9 643
17 9 633
17 9 641
17 9 642
17 9 644
17 9 638
17 9 638
17 9 636
17 9 633
17 9 640
17 9 646
17 9 646
17 9 640
17 9 642
17 9 644
17 9 633
17 9 643
17 9 641
18 9 640
18 9 639
18 9 645
18 9 632
18 9 638
18 9 635
18 9 639
18 9 642
18 9 641
18 9 634
18 9 639
18 9 643
18 9 640
18 9 642
18 9 639
18 9 641
18 9 638
18 9 640
18 9 643
18 9 640
18 9 634
19 9 645
19 9 640
19 9 642
19 9 633
19 9 660
19 9 664
19 9 628
19 9 640
19 9 641
19 9 651
19 9 611
19 9 637
19 9 659
19 9 648
19 9 632
19 9 647
19 9 638
19 9 650
19 9 619
19 9 647
19 9 629
20 9 636
20 9 624
20 9 644
20 9 639
20 10 635
20 10 635
20 9 628
20 10 636
20 9 654
20 9 639
20 9 645
20 9 644
20 10 648
20 9 644
20 9 643
20 9 644
20 9 647
20 10 659
20 9 654
20 9 635
20 9 645
21 9 623
21 9 642
21 9 639
21 10 647
21 9 635
21 10 649
21 9 638
21 9 637
21 10 643
21 9 637
21 10 638
21 10 634
21 9 660
21 9 643
21 9 634
21 9 624
21 10 637
21 9 630
21 9 634
21 9 652
21 10 638
22 10 644
22 10 647
22 9 630
22 9 634
22 9 635
22 10 636
22 10 641
22 9 616
22 10 638
22 10 631
22 10 635
22 10 654
22 10 647
22 10 647
22 10 634
22 10 629
22 10 649
22 10 654
22 10 637
22 10 640
22 10 644
23 10 648
23 10 649
23 10 674
23 9 670
23 10 649
23 10 626
23 10 656
23 9 646
23 10 632
23 9 666
23 10 666
23 10 674
23 10 628
23 10 604
23 10 659
23 10 654
23 9 623
23 10 615
23 10 647
23 10 635
23 9 690
24 10 657
24 10 625
24 10 624
24 10 633
24 10 651
24 10 638
24 10 623
24 10 643
24 10 639
24 10 637
24 10 637
24 10 645
24 10 647
24 10 628
24 10 617
24 10 635
24 10 639
24 10 642
24 10 642
24 10 649
24 10 645
25 10 640
25 10 643
25 10 645
25 10 677
25 10 635
25 10 645
25 10 613
25 10 635
25 10 658
25 10 631
25 10 644
25 10 625
25 10 615
25 10 623
25 10 638
25 10 598
25 10 644
25 10 668
25 10 653
25 10 644
25 10 638
26 10 642
26 10 629
26 10 632
26 10 636
26 10 634
26 10 635
26 10 644
26 10 653
26 10 650
26 10 637
26 10 655
26 10 636
26 10 653
26 10 625
26 10 624
26 10 649
26 10 647
26 10 630
26 10 636
26 10 642
26 10 653
27 10 644
27 10 639
27 10 646
27 10 655
27 10 632
27 10 648
27 10 646
27 10 662
27 10 649
27 10 650
27 10 637
27 10 656
27 10 650
27 10 650
27 10 646
27 10 643
27 10 642
27 10 642
27 10 648
27 10 625
27 10 644
28 10 644
28 10 661
28 10 639
28 10 632
28 10 647
28 10 630
28 10 662
28 10 688
28 10 627
28 10 639
28 10 640
28 10 603
28 10 620
28 10 635
28 10 652
28 10 615
28 10 632
28 10 640
28 10 640
28 10 668
28 10 619
29 10 655
29 10 666
29 10 691
29 10 629
29 10 689
29 10 624
29 10 647
29 10 661
29 10 643
29 10 629
29 10 613
29 10 647
29 10 604
29 10 631
29 10 665
29 10 637
29 10 607
29 10 608
29 10 679
29 10 653
29 10 622
30 10 566
30 10 536
30 10 629
30 10 563
30 10 579
30 10 592
30 10 686
30 10 583
30 10 601
30 10 705
30 10 508
30 10 667
30 10 724
30 10 588
30 10 618
30 10 558
30 10 651
30 10 687
30 10 620
30 10 616
30 10 719
31 10 658
31 10 638
31 10 615
31 10 653
31 10 797
31 10 714
31 10 593
31 10 648
31 10 533
31 10 612
31 10 654
31 10 794
31 10 491
31 10 702
31 10 606
31 10 520
31 10 662
31 10 702
31 10 561
31 10 680
31 10 577
32 10 627
32 11 544
32 11 535
32 11 583
32 11 574
32 11 588
32 11 580
32 11 528
32 11 577
32 11 555
32 11 550
32 11 579
32 11 593
32 11 585
32 11 555
32 11 546
32 11 590
32 11 562
32 11 546
32 11 595
32 11 557
33 10 534
33 11 517
33 11 522
33 11 515
33 11 522
33 11 524
33 11 516
33 11 521
33 11 518
33 11 522
33 11 516
33 11 516
33 11 521
33 11 520
33 11 528
33 11 525
33 11 519
33 11 521
33 11 523
33 11 517
33 11 523
34 10 548
34 11 524
34 11 527
34 11 528
34 11 526
34 11 528
34 11 529
34 11 522
34 11 528
34 11 523
34 11 527
34 11 534
34 11 533
34 11 534
34 11 528
34 11 530
34 11 523
34 11 537
34 11 527
34 11 527
34 11 524
35 10 520
35 11 524
35 11 528
35 11 524
35 11 520
35 11 520
35 11 512
35 11 524
35 11 532
35 11 520
35 11 524
35 11 532
35 11 516
35 11 516
35 11 524
35 11 524
35 11 516
35 11 524
35 11 536
35 11 520
35 11 524
36 10 512
36 11 512
36 11 512
36 11 512
36 11 513
36 11 512
36 11 512
36 11 516
36 11 512
36 11 512
36 11 512
36 11 517
36 11 512
36 11 516
36 11 512
36 11 512
36 11 512
36 11 512
36 11 512
36 11 512
36 11 512
37 10 512
37 11 512
37 11 512
37 11 512
37 11 512
37 11 512
37 11 512
37 11 512
37 11 512
37 11 512
37 11 512
37 11 512
37 11 512
37 11 512
37 11 512
37 11 512
37 11 512
37 11 512
37 11 512
37 11 512
37 11 512
38 10 512
38 11 512
38 11 512
38 11 512
38 11 512
38 11 512
38 11 512
38 11 512
38 11 512
38 11 512
38 11 512
38 11 512
38 11 512
38 11 512
38 11 512
38 11 512
38 11 512
38 11 512
38 11 512
38 11 512
38 11 512
39 10 512
39 11 512
39 11 512
39 11 512
39 11 512
39 11 512
39 11 512
39 11 512
39 11 512
39 11 512
39 11 512
39 11 512
39 11 512
39 11 512
39 11 512
39 11 512
39 11 512
39 11 512
39 11 512
39 11 512
39 11 512
40 10 512
40 11 512
40 11 512
40 11 512
40 11 512
40 11 512
40 11 512
40 11 512
40 11 512
40 11 512
40 11 512
40 11 512
40 11 512
40 11 512
40 11 512
40 11 512
40 11 512
40 11 512
40 11 512
40 11 512
40 11 512
41 10 512
41 11 512
41 11 512
41 11 512
41 11 512
41 11 512
41 11 512
41 11 512
41 11 512
41 11 512
41 11 512
41 11 512
41 11 512
41 11 512
41 11 512
41 11 512
41 11 512
41 11 512
41 11 512
41 11 512
41 11 512
42 10 516
42 11 512
42 11 512
42 11 512
42 11 512
42 11 512
42 11 512
42 11 512
42 11 512
42 11 512
42 11 512
42 11 512
42 11 512
42 11 512
42 11 512
42 11 512
42 11 512
42 11 512
42 11 512
42 11 519
42 11 512
43 10 512
43 11 512
43 11 512
43 11 512
43 11 512
43 11 512
43 11 512
43 11 512
43 11 512
43 11 512
43 11 512
43 11 513
43 11 512
43 11 520
43 11 512
43 11 516
43 11 512
43 11 512
43 11 512
43 11 512
43 11 512
44 10 512
44 11 512
44 11 512
44 11 516
44 11 512
44 11 512
44 11 512
44 11 512
44 11 511
44 11 512
44 11 512
44 11 528
44 11 512
44 11 513
44 11 512
44 11 512
44 11 512
44 11 512
44 11 512
44 11 513
44 11 512
45 10 527
45 11 512
45 11 512
45 11 512
45 11 512
45 11 512
45 11 512
45 11 512
45 11 512
45 11 508
45 11 528
45 11 516
45 11 512
45 11 512
45 11 512
45 11 528
45 11 512
45 11 512
45 11 512
45 11 512
45 11 528
46 10 528
46 11 512
46 11 528
46 11 528
46 11 512
46 11 512
46 11 512
46 11 512
46 11 528
46 11 512
46 11 528
46 11 512
46 11 512
46 11 512
46 11 512
46 11 512
46 11 512
46 11 528
46 11 512
46 11 528
46 11 512
47 10 512
47 11 512
47 11 512
47 11 544
47 11 512
47 11 512
47 11 512
47 11 512
47 11 528
47 11 512
47 11 544
47 11 528
47 11 528
47 11 544
47 11 528
47 11 528
47 11 528
47 11 528
47 11 528
47 11 512
47 11 544
48 10 512
48 11 512
48 11 512
48 11 512
48 11 512
48 11 512
48 11 512
48 11 512
48 11 512
48 11 512
48 11 512
48 11 512
48 11 512
48 11 512
48 11 512
48 11 512
48 11 512
48 11 512
48 11 512
48 11 512
48 11 512
49 10 512
49 11 512
49 11 512
49 11 512
49 11 512
49 11 512
49 11 512
49 11 512
49 11 512
49 11 512
49 11 512
49 11 512
49 11 512
49 11 512
49 11 512
49 11 512
49 11 512
49 11 512
49 11 512
49 11 512
49 11 512
50 10 512
50 11 512
50 11 512
50 11 512
50 11 512
50 11 512
50 11 512
50 11 512
50 11 512
50 11 512
50 11 512
50 11 512
50 11 512
50 11 512
50 11 512
50 11 512
50 11 512
50 11 512
50 11 512
50 11 512
50 11 512
51 10 512
51 11 512
51 11 512
51 11 512
51 11 512
51 11 512
51 11 512
51 11 512
51 11 512
51 11 512
51 11 512
51 11 512
51 11 512
51 11 512
51 11 512
51 11 512
51 11 512
51 11 512
51 11 512
51 11 512
51 11 512
52 10 512
52 11 512
52 11 512
52 11 512
52 11 512
52 11 512
52 11 512
52 11 512
52 11 512
52 11 512
52 11 512
52 11 512
52 11 512
52 11 512
52 11 512
52 11 512
52 11 512
52 11 512
52 11 512
52 11 512
52 11 512
53 10 512
53 11 512
53 11 512
53 11 512
53 11 512
53 11 512
53 11 512
53 11 512
53 11 512
53 11 512
53 11 512
53 11 512
53 11 512
53 11 512
53 11 512
53 11 512
53 11 512
53 11 512
53 11 512
53 11 512
53 11 512
54 10 512
54 11 512
54 11 512
54 11 512
54 11 512
54 11 512
54 11 512
54 11 512
54 11 512
54 11 512
54 11 512
54 11 512
54 11 512
54 11 512
54 11 512
54 11 512
54 11 512
54 11 512
54 11 512
54 11 512
54 11 512
55 10 512
55 11 512
55 11 512
55 11 512
55 11 512
55 11 512
55 11 512
55 11 512
55 11 512
55 11 512
55 11 512
55 11 512
55 11 512
55 11 512
55 11 512
55 11 512
55 11 512
55 11 512
55 11 512
55 11 512
55 11 512
56 10 512
56 11 512
56 11 512
56 11 512
56 11 512
56 11 512
56 11 512
56 11 512
56 11 512
56 11 512
56 11 512
56 11 512
56 11 512
56 11 512
56 11 512
56 11 512
56 11 512
56 11 512
56 11 512
56 11 512
56 11 512
57 10 512
57 11 512
57 11 512
57 11 512
57 11 512
57 11 512
57 11 512
57 11 512
57 11 512
57 11 512
57 11 512
57 11 512
57 11 512
57 11 512
57 11 512
57 11 512
57 11 512
57 11 512
57 11 512
57 11 512
57 11 512
58 10 512
58 11 512
58 11 512
58 11 512
58 11 512
58 11 512
58 11 512
58 11 512
58 11 512
58 11 512
58 11 512
58 11 512
58 11 512
58 11 512
58 11 512
58 11 512
58 11 512
58 11 512
58 11 512
58 11 512
58 11 512
59 10 512
59 11 512
59 11 512
59 11 512
59 11 512
59 11 512
59 11 512
59 11 512
59 11 512
59 11 512
59 11 512
59 11 512
59 11 512
59 11 512
59 11 512
59 11 512
59 11 512
59 11 512
59 11 512
59 11 512
59 11 512
60 10 512
60 11 512
60 11 512
60 11 512
60 11 512
60 11 512
60 11 512
60 11 512
60 11 512
60 11 512
60 11 512
60 11 512
60 11 512
60 11 512
60 11 512
60 11 512
60 11 512
60 11 512
60 11 512
60 11 512
60 11 512
61 10 512
61 11 512
61 11 512
61 11 512
61 11 512
61 11 512
61 11 512
61 11 512
61 11 512
61 11 512
61 11 512
61 11 512
61 11 512
61 11 512
61 11 512
61 11 512
61 11 512
61 11 512
61 11 512
61 11 512
61 11 512
62 10 512
62 11 512
62 11 512
62 11 512
62 11 512
62 11 512
62 11 512
62 11 512
62 11 512
62 11 512
62 11 512
62 11 512
62 11 512
62 11 512
62 11 512
62 11 512
62 11 512
62 11 512
62 11 512
62 11 512
62 11 512
63 10 512
63 11 512
63 11 512
63 11 512
63 11 512
63 11 512
63 11 512
63 11 512
63 11 512
63 11 512
63 11 512
63 11 512
63 11 512
63 11 512
63 11 512
63 11 512
63 11 512
63 11 512
63 11 512
63 11 512
63 11 512
64 10 512
64 12 512
64 12 512
64 12 512
64 13 511
64 12 512
64 12 512
64 12 512
64 13 512
64 13 512
64 13 512
64 12 512
64 12 512
64 13 512
64 13 512
64 12 512
64 12 512
64 13 512
64 12 512
64 12 512
64 12 512
65 10 512
65 13 512
65 13 512
65 13 512
65 13 512
65 13 512
65 13 512
65 13 512
65 13 512
65 13 512
65 13 512
65 13 512
65 13 512
65 13 512
65 13 512
65 13 512
65 13 512
65 13 512
65 13 512
65 13 512
65 13 512
66 10 510
66 13 510
66 13 512
66 13 513
66 13 512
66 13 512
66 13 512
66 13 512
66 13 512
66 13 512
66 13 513
66 13 512
66 13 512
66 13 512
66 13 512
66 13 511
66 13 512
66 13 512
66 13 512
66 13 512
66 13 512
67 10 512
67 13 512
67 13 512
67 13 512
67 13 512
67 13 512
67 13 512
67 13 512
67 13 512
67 13 512
67 13 512
67 13 512
67 13 512
67 13 512
67 13 512
67 13 512
67 13 512
67 13 512
67 13 512
67 13 512
67 13 512
68 10 517
68 13 512
68 13 512
68 13 512
68 13 512
68 13 512
68 13 512
68 13 512
68 13 512
68 13 512
68 13 512
68 13 512
68 13 512
68 13 512
68 13 512
68 13 512
68 13 512
68 13 512
68 13 512
68 13 512
68 13 512
69 10 513
69 13 512
69 13 512
69 13 512
69 13 512
69 13 512
69 13 512
69 13 512
69 13 512
69 13 512
69 13 512
69 13 512
69 13 512
69 13 512
69 13 512
69 13 512
69 13 512
69 13 512
69 13 512
69 13 512
69 13 512
70 10 513
70 13 512
70 13 512
70 13 512
70 13 512
70 13 512
70 13 512
70 13 512
70 13 512
70 13 512
70 13 512
70 13 512
70 13 512
70 13 512
70 13 512
70 13 512
70 13 512
70 13 512
70 13 512
70 13 512
70 13 512
71 10 504
71 13 512
71 13 512
71 13 512
71 13 512
71 13 512
71 13 512
71 13 512
71 13 512
71 13 512
71 13 512
71 13 512
71 13 512
71 13 512
71 13 512
71 13 512
71 13 512
71 13 512
71 13 512
71 13 512
71 13 512
72 10 521
72 13 513
72 13 511
72 13 513
72 13 513
72 13 512
72 13 514
72 13 513
72 13 511
72 13 513
72 13 512
72 13 513
72 13 513
72 13 510
72 13 513
72 13 513
72 13 512
72 13 510
72 13 513
72 13 513
72 13 509
73 10 503
73 13 512
73 13 509
73 13 513
73 13 509
73 13 516
73 13 509
73 13 515
73 13 508
73 13 516
73 13 511
73 13 512
73 13 511
73 13 510
73 13 512
73 13 510
73 13 512
73 13 506
73 13 510
73 13 511
73 13 512
74 10 510
74 13 518
74 13 515
74 13 507
74 13 511
74 13 509
74 13 509
74 13 510
74 13 512
74 13 517
74 13 510
74 13 514
74 13 513
74 13 508
74 13 515
74 13 512
74 13 515
74 13 511
74 13 509
74 13 514
74 13 508
75 10 518
75 13 517
75 13 505
75 13 502
75 13 516
75 13 508
75 13 513
75 13 511
75 13 514
75 13 511
75 13 524
75 13 501
75 13 511
75 13 502
75 13 508
75 13 503
75 13 511
75 13 516
75 13 515
75 13 508
75 13 515
76 10 529
76 13 521
76 13 518
76 13 512
76 13 502
76 13 519
76 13 515
76 13 518
76 13 515
76 13 508
76 13 511
76 13 514
76 13 507
76 13 512
76 13 517
76 13 523
76 13 516
76 13 517
76 13 507
76 13 507
76 13 515
77 10 498
77 13 513
77 13 511
77 13 512
77 13 513
77 13 523
77 13 516
77 13 513
77 13 511
77 13 513
77 13 518
77 13 502
77 13 511
77 13 516
77 13 513
77 13 518
77 13 509
77 13 521
77 13 513
77 13 514
77 13 512
78 10 528
78 13 515
78 13 519
78 13 522
78 13 519
78 13 513
78 13 519
78 13 514
78 13 508
78 13 511
78 13 507
78 13 510
78 13 510
78 13 501
78 13 512
78 13 497
78 13 513
78 13 509
78 13 515
78 13 503
78 13 520
79 10 511
79 13 512
79 13 515
79 13 512
79 13 495
79 13 512
79 13 512
79 13 510
79 13 512
79 13 509
79 13 493
79 13 521
79 13 507
79 13 548
79 13 512
79 13 528
79 13 512
79 13 512
79 13 494
79 13 513
79 13 528
80 10 546
80 13 513
80 13 509
80 13 501
80 13 518
80 13 503
80 13 488
80 13 516
80 13 506
80 13 492
80 13 525
80 13 506
80 13 527
80 13 517
80 13 505
80 13 509
80 13 520
80 13 502
80 13 508
80 13 504
80 13 502
81 10 508
81 13 507
81 13 515
81 13 530
81 13 524
81 13 520
81 13 496
81 13 496
81 13 517
81 13 510
81 13 497
81 13 490
81 13 484
81 13 511
81 13 515
81 13 509
81 13 501
81 13 511
81 13 516
81 13 505
81 13 523
82 10 517
82 13 501
82 13 490
82 13 509
82 13 513
82 13 526
82 13 506
82 13 511
82 13 516
82 13 509
82 13 529
82 13 528
82 13 510
82 13 513
82 13 507
82 13 510
82 13 518
82 13 511
82 13 498
82 13 510
82 13 526
83 10 527
83 13 502
83 13 514
83 13 509
83 13 490
83 13 503
83 13 497
83 13 510
83 13 495
83 13 514
83 13 498
83 13 512
83 13 497
83 13 524
83 13 509
83 13 523
83 13 500
83 13 508
83 13 488
83 13 528
83 13 524
84 10 514
84 13 521
84 13 523
84 13 512
84 13 513
84 13 515
84 13 530
84 13 500
84 13 513
84 13 511
84 13 503
84 13 519
84 13 509
84 13 519
84 13 496
84 13 493
84 13 496
84 13 518
84 13 501
84 13 497
84 13 502
85 10 518
85 13 524
85 13 517
85 13 510
85 13 515
85 13 517
85 13 520
85 13 522
85 13 508
85 13 520
85 13 526
85 13 516
85 13 519
85 13 516
85 13 512
85 13 515
85 13 497
85 13 519
85 13 520
85 13 512
85 13 520
86 10 508
86 13 510
86 13 510
86 13 522
86 13 513
86 13 528
86 13 506
86 13 505
86 13 503
86 13 502
86 13 520
86 13 513
86 13 518
86 13 506
86 13 513
86 13 524
86 13 526
86 13 517
86 13 497
86 13 508
86 13 518
87 10 506
87 13 512
87 13 512
87 13 530
87 13 514
87 13 508
87 13 489
87 13 518
87 13 514
87 13 504
87 13 512
87 13 513
87 13 512
87 13 512
87 13 500
87 13 513
87 13 516
87 13 518
87 13 512
87 13 496
87 13 509
88 10 513
88 13 511
88 13 511
88 13 520
88 13 516
88 13 518
88 13 521
88 13 523
88 13 519
88 13 516
88 13 521
88 13 515
88 13 510
88 13 519
88 13 527
88 13 490
88 13 514
88 13 518
88 13 507
88 13 516
88 13 522
89 10 502
89 13 516
89 13 519
89 13 508
89 13 495
89 13 502
89 13 515
89 13 528
89 13 551
89 13 537
89 13 485
89 13 478
89 13 506
89 13 481
89 13 510
89 13 512
89 13 523
89 13 534
89 13 530
89 13 489
89 13 531
90 10 503
90 13 541
90 13 497
90 13 506
90 13 490
90 13 517
90 13 512
90 13 523
90 13 516
90 13 514
90 13 498
90 13 521
90 13 504
90 13 539
90 13 487
90 13 508
90 13 518
90 13 572
90 13 490
90 13 504
90 13 520
91 10 529
91 13 531
91 13 511
91 13 517
91 13 515
91 13 514
91 13 478
91 13 545
91 13 519
91 13 484
91 13 480
91 13 524
91 13 500
91 13 555
91 13 492
91 13 530
91 13 498
91 13 498
91 13 501
91 13 480
91 13 489
92 10 573
92 13 544
92 13 498
92 13 461
92 13 485
92 13 509
92 13 485
92 13 446
92 13 563
92 13 509
92 13 528
92 13 557
92 13 485
92 13 543
92 13 570
92 13 496
92 13 546
92 13 494
92 13 559
92 13 605
92 13 463
93 10 521
93 13 478
93 13 555
93 13 530
93 13 491
93 13 468
93 13 515
93 13 471
93 13 464
93 13 508
93 13 511
93 13 573
93 13 469
93 13 491
93 13 463
93 13 483
93 13 520
93 13 582
93 13 507
93 13 470
93 13 578
94 10 501
94 13 468
94 13 482
94 13 623
94 13 549
94 13 520
94 13 563
94 13 499
94 13 491
94 13 475
94 13 448
94 13 472
94 13 541
94 13 357
94 13 485
94 13 572
94 13 467
94 13 499
94 13 503
94 13 557
94 13 531
95 10 523
95 13 517
95 13 540
95 13 582
95 13 474
95 13 484
95 13 500
95 13 482
95 13 510
95 13 563
95 13 397
95 13 584
95 13 524
95 13 447
95 13 527
95 13 505
95 13 501
95 13 554
95 13 461
95 13 517
95 13 506
96 10 511
96 13 537
96 13 515
96 13 462
96 13 549
96 13 481
96 13 470
96 13 500
96 13 480
96 13 481
96 13 484
96 13 511
96 13 519
96 13 535
96 13 553
96 13 568
96 13 545
96 13 526
96 13 504
96 13 502
96 13 477
97 10 548
97 13 534
97 13 490
97 13 541
97 13 491
97 13 503
97 13 517
97 13 504
97 13 495
97 13 509
97 13 474
97 13 521
97 13 541
97 13 538
97 13 514
97 13 508
97 13 519
97 13 525
97 13 486
97 13 483
97 13 509
98 10 521
98 13 495
98 13 518
98 13 494
98 13 489
98 13 516
98 13 555
98 13 487
98 13 479
98 13 494
98 13 505
98 13 497
98 13 461
98 13 517
98 13 546
98 13 510
98 13 488
98 13 514
98 13 546
98 13 457
98 13 547
99 10 551
99 13 478
99 13 518
99 13 488
99 13 494
99 13 503
99 13 483
99 13 480
99 13 528
99 13 527
99 13 526
99 13 513
99 13 531
99 13 499
99 13 515
99 13 497
99 13 498
99 13 505
99 13 504
99 13 505
99 13 541
100 10 541
100 13 501
100 13 510
100 13 552
100 13 540
100 13 502
100 13 508
100 13 509
100 13 509
100 13 513
100 13 535
100 13 544
100 13 519
100 13 566
100 13 531
100 13 489
100 13 501
100 13 563
100 13 510
100 13 535
100 13 519
101 10 514
101 13 526
101 13 502
101 13 483
101 13 518
101 13 506
101 13 512
101 13 505
101 13 521
101 13 531
101 13 513
101 13 511
101 13 508
101 13 530
101 13 568
101 13 532
101 13 515
101 13 511
101 13 521
101 13 494
101 13 482
102 10 526
102 13 488
102 13 480
102 13 538
102 13 530
102 13 488
102 13 495
102 13 442
102 13 524
102 13 525
102 13 470
102 13 466
102 13 590
102 13 454
102 13 527
102 13 515
102 13 534
102 13 535
102 13 478
102 13 504
102 13 512
103 10 529
103 13 511
103 13 512
103 13 478
103 13 522
103 13 515
103 13 541
103 13 553
103 13 541
103 13 527
103 13 518
103 13 463
103 13 525
103 13 523
103 13 478
103 13 533
103 13 524
103 13 520
103 13 524
103 13 570
103 13 474
104 10 493
104 13 513
104 13 474
104 13 495
104 13 552
104 13 540
104 13 542
104 13 506
104 13 497
104 13 481
104 13 545
104 13 527
104 13 561
104 13 514
104 13 521
104 13 490
104 13 492
104 13 515
104 13 502
104 13 484
104 13 510
105 10 513
105 13 491
105 13 477
105 13 508
105 13 489
105 13 518
105 13 529
105 13 513
105 13 531
105 13 531
105 13 518
105 13 531
105 13 498
105 13 494
105 13 528
105 13 513
105 13 479
105 13 495
105 13 526
105 13 528
105 13 519
106 10 568
106 13 494
106 13 514
106 13 503
106 13 506
106 13 544
106 13 527
106 13 528
106 13 519
106 13 518
106 13 524
106 13 519
106 13 517
106 13 522
106 13 513
106 13 510
106 13 513
106 13 516
106 13 535
106 13 503
106 13 501
107 10 458
107 13 521
107 13 518
107 13 501
107 13 530
107 13 516
107 13 527
107 13 497
107 13 540
107 13 499
107 13 524
107 13 507
107 13 504
107 13 513
107 13 512
107 13 500
107 13 494
107 13 502
107 13 517
107 13 488
107 13 501
108 10 543
108 13 530
108 13 529
108 13 508
108 13 539
108 13 513
108 13 517
108 13 513
108 13 507
108 13 510
108 13 516
108 13 504
108 13 495
108 13 513
108 13 521
108 13 508
108 13 493
108 13 489
108 13 515
108 13 518
108 13 508
109 10 482
109 13 512
109 13 510
109 13 500
109 13 504
109 13 510
109 13 511
109 13 521
109 13 507
109 13 516
109 13 519
109 13 509
109 13 514
109 13 518
109 13 511
109 13 532
109 13 514
109 13 503
109 13 501
109 13 516
109 13 503
110 10 517
110 13 499
110 13 512
110 13 525
110 13 512
110 13 498
110 13 506
110 13 512
110 13 512
110 13 500
110 13 512
110 13 516
110 13 517
110 13 512
110 13 515
110 13 520
110 13 511
110 13 512
110 13 509
110 13 508
110 13 511
111 10 494
111 13 512
111 13 512
111 13 512
111 13 526
111 13 522
111 13 516
111 13 508
111 13 512
111 13 521
111 13 512
111 13 512
111 13 512
111 13 508
111 13 490
111 13 511
111 13 528
111 13 512
111 13 515
111 13 511
111 13 512
112 10 543
112 13 527
112 13 514
112 13 506
112 13 524
112 13 513
112 13 516
112 13 536
112 13 513
112 13 515
112 13 516
112 13 496
112 13 525
112 13 513
112 13 523
112 13 497
112 13 518
112 13 513
112 13 497
112 13 511
112 13 519
113 10 470
113 13 545
113 13 486
113 13 508
113 13 518
113 13 502
113 13 498
113 13 486
113 13 511
113 13 523
113 13 501
113 13 497
113 13 532
113 13 513
113 13 506
113 13 510
113 13 497
113 13 543
113 13 528
113 13 512
113 13 508
114 10 557
114 13 546
114 13 517
114 13 539
114 13 484
114 13 510
114 13 497
114 13 498
114 13 495
114 13 517
114 13 513
114 13 520
114 13 522
114 13 462
114 13 505
114 13 501
114 13 504
114 13 508
114 13 497
114 13 517
114 13 542
115 10 533
115 13 497
115 13 491
115 13 547
115 13 555
115 13 501
115 13 439
115 13 474
115 13 547
115 13 518
115 13 506
115 13 545
115 13 482
115 13 512
115 13 492
115 13 509
115 13 547
115 13 532
115 13 573
115 13 526
115 13 475
116 10 395
116 13 533
116 13 555
116 13 538
116 13 482
116 13 489
116 13 460
116 13 553
116 13 584
116 13 477
116 13 468
116 13 549
116 13 512
116 13 481
116 13 509
116 13 537
116 13 513
116 13 507
116 13 525
116 13 481
116 13 436
117 10 475
117 13 478
117 13 471
117 13 497
117 13 535
117 13 497
117 13 487
117 13 505
117 13 386
117 13 507
117 13 484
117 13 571
117 13 579
117 13 467
117 13 530
117 13 496
117 13 468
117 13 494
117 13 450
117 13 589
117 13 409
118 10 525
118 13 586
118 13 509
118 13 582
118 13 481
118 13 453
118 13 670
118 13 442
118 13 382
118 13 551
118 13 567
118 13 436
118 13 501
118 13 469
118 13 502
118 13 461
118 13 581
118 13 527
118 13 542
118 13 532
118 13 533
119 10 461
119 13 505
119 13 533
119 13 459
119 13 618
119 13 533
119 13 610
119 13 531
119 13 511
119 13 514
119 13 487
119 13 442
119 13 401
119 13 464
119 13 557
119 13 608
119 13 479
119 13 482
119 13 517
119 13 505
119 13 554
120 10 475
120 13 521
120 13 472
120 13 522
120 13 539
120 13 482
120 13 575
120 13 484
120 13 508
120 13 493
120 13 433
120 13 560
120 13 584
120 13 479
120 13 508
120 13 567
120 13 463
120 13 500
120 13 453
120 13 515
120 13 548
121 10 572
121 13 569
121 13 576
121 13 507
121 13 551
121 13 674
121 13 610
121 13 439
121 13 512
121 13 509
121 13 495
121 13 595
121 13 600
121 13 573
121 13 649
121 13 652
121 13 425
121 13 537
121 13 427
121 13 643
121 13 551
122 10 534
122 13 408
122 13 507
122 13 413
122 13 449
122 13 447
122 13 406
122 13 501
122 13 479
122 13 480
122 13 462
122 13 470
122 13 593
122 13 387
122 13 522
122 13 618
122 13 607
122 13 599
122 13 564
122 13 403
122 13 608
123 10 524
123 13 315
123 13 508
123 13 726
123 13 467
123 13 528
123 13 551
123 13 636
123 13 606
123 13 563
123 13 427
123 13 669
123 13 524
123 13 393
123 13 598
123 13 458
123 13 567
123 13 647
123 13 579
123 13 567
123 13 618
124 10 542
124 13 562
124 13 391
124 13 237
124 13 397
124 13 327
124 13 496
124 13 626
124 13 555
124 13 450
124 13 378
124 13 438
124 13 517
124 13 429
124 13 443
124 13 408
124 13 615
124 13 552
124 13 524
124 13 507
124 13 563
125 10 489
125 13 395
125 13 472
125 13 394
125 13 519
125 13 546
125 13 375
125 13 629
125 13 360
125 13 448
125 13 377
125 13 488
125 13 558
125 13 506
125 13 345
125 13 372
125 13 348
125 13 453
125 13 531
125 13 503
125 13 471
126 10 346
126 13 520
126 13 470
126 13 782
126 13 610
126 13 532
126 13 701
126 13 666
126 13 566
126 13 660
126 13 524
126 13 490
126 13 439
126 13 284
126 13 463
126 13 325
126 13 460
126 13 557
126 13 563
126 13 296
126 13 564
127 10 447
127 13 620
127 13 639
127 13 582
127 13 427
127 13 762
127 13 663
127 13 485
127 13 579
127 13 416
127 13 606
127 13 499
127 13 442
127 13 708
127 13 565
127 13 778
127 13 474
127 13 468
127 13 650
127 13 470
127 13 621
128 10 164
128 16 0
129 10 127
129 16 0
130 10 94
130 16 0
131 10 55
131 16 0
132 10 46
132 16 0
133 10 37
133 16 0
134 10 46
134 16 0
135 10 56
135 16 0
136 10 56
136 16 0
137 10 38
137 16 0
138 10 47
138 16 0
139 10 19
139 16 0
140 10 28
140 16 0
141 10 24
141 16 0
142 10 23
142 16 0
143 10 47
143 16 0
144 10 1
144 16 0
145 10 15
145 16 0
146 10 2
146 16 0
147 10 8
147 16 0
148 10 3
148 16 0
149 10 16
149 16 0
150 10 7
150 16 0
151 10 2
151 16 0
152 10 4
152 16 0
153 10 3
153 16 0
154 10 1
154 16 0
155 10 0
156 10 4
156 16 0
157 10 0
158 10 0
159 10 0
160 10 0
161 10 0
162 10 0
163 10 0
164 10 0
165 10 4
165 16 0
166 10 10
166 16 0
167 10 1
167 16 0
168 10 0
169 10 5
169 16 0
170 10 6
170 16 0
171 10 9
171 16 0
172 10 11
172 16 0
173 10 12
173 16 0
174 10 0
175 10 81
175 16 0
176 10 115
176 16 0
177 10 3
177 16 0
178 10 56
178 16 0
179 10 64
179 16 0
180 10 64
180 16 0
181 10 0
182 10 0
183 10 190
183 16 0
184 10 0
185 10 64
185 16 0
186 10 64
186 16 0
187 10 128
187 16 0
188 10 64
188 16 0
189 10 128
189 16 0
190 10 192
190 16 0
191 10 64
191 16 0
192 10 16
192 16 0
193 10 30
193 16 0
194 10 0
195 10 0
196 10 0
197 10 0
198 10 0
199 10 0
200 10 0
201 10 0
202 10 0
203 10 0
204 10 0
205 10 0
206 10 0
207 10 0
208 10 0
209 10 0
210 10 0
211 10 0
212 10 0
213 10 0
214 10 0
215 10 0
216 10 0
217 10 0
218 10 0
219 10 0
220 10 0
221 10 0
222 10 0
223 10 0
224 10 0
225 10 0
226 10 0
227 10 0
228 10 0
229 10 0
230 10 0
231 10 0
232 10 0
233 10 0
234 10 0
235 10 0
236 10 0
237 10 0
238 10 0
239 10 0
240 10 0
241 10 0
242 10 0
243 10 0
244 10 0
245 10 0
246 10 0
247 10 0
248 10 0
249 10 0
250 10 0
251 10 0
252 10 0
253 10 0
254 10 0
255 10 0
