0 6 744
0 6 744
0 6 744
0 6 744
0 6 744
0 6 744
0 6 744
0 6 744
0 6 744
0 6 744
0 6 744
0 6 744
0 6 744
0 6 744
0 6 744
0 6 744
0 6 744
0 6 744
0 6 744
0 6 744
0 6 744
1 10 616
1 16 616
1 16 616
1 16 616
1 16 616
1 16 616
1 16 616
1 16 616
1 16 616
1 16 616
1 16 616
1 16 616
1 16 616
1 16 616
1 16 616
1 16 616
1 16 616
1 16 616
1 16 616
1 16 616
1 16 616
2 10 538
2 16 540
2 16 533
2 16 533
2 16 528
2 16 538
2 16 545
2 16 533
2 16 542
2 16 528
2 16 538
2 16 528
2 16 528
2 16 544
2 16 528
2 16 547
2 16 528
2 16 528
2 16 538
2 16 533
2 16 538
3 10 528
3 16 528
3 16 528
3 16 528
3 16 528
3 16 528
3 16 528
3 16 528
3 16 528
3 16 528
3 16 528
3 16 528
3 16 528
3 16 528
3 16 528
3 16 528
3 16 528
3 16 528
3 16 528
3 16 528
3 16 528
4 10 450
4 16 410
4 16 410
4 16 410
4 16 410
4 16 410
4 16 410
4 16 410
4 16 410
4 16 410
4 16 410
4 16 410
4 16 410
4 16 410
4 16 410
4 16 410
4 16 410
4 16 410
4 16 410
4 16 410
4 16 410
5 10 442
5 16 412
5 16 424
5 16 412
5 16 419
5 16 414
5 16 424
5 16 420
5 16 406
5 16 406
5 16 416
5 16 408
5 16 411
5 16 410
5 16 410
5 16 404
5 16 419
5 16 410
5 16 404
5 16 420
5 16 412
6 10 433
6 16 400
6 16 400
6 16 400
6 16 400
6 16 400
6 16 400
6 16 400
6 16 400
6 16 400
6 16 400
6 16 400
6 16 400
6 16 400
6 16 400
6 16 400
6 16 400
6 16 400
6 16 400
6 16 400
6 16 400
7 10 421
7 16 400
7 16 400
7 16 400
7 16 400
7 16 400
7 16 400
7 16 400
7 16 400
7 16 400
7 16 400
7 16 400
7 16 400
7 16 400
7 16 400
7 16 400
7 16 400
7 16 400
7 16 400
7 16 400
7 16 400
8 10 337
8 16 316
8 16 320
8 16 320
8 16 320
8 16 320
8 16 320
8 16 319
8 16 321
8 16 320
8 16 320
8 16 320
8 16 314
8 16 317
8 16 324
8 16 321
8 16 315
8 16 318
8 16 322
8 16 320
8 16 321
9 10 327
9 16 320
9 16 320
9 16 320
9 16 321
9 16 320
9 16 321
9 16 319
9 16 320
9 16 320
9 16 319
9 16 320
9 16 320
9 16 320
9 16 320
9 16 320
9 16 320
9 16 319
9 16 320
9 16 320
9 16 320
10 10 320
10 16 319
10 16 321
10 16 321
10 16 317
10 16 326
10 16 320
10 16 322
10 16 323
10 16 321
10 16 322
10 16 321
10 16 320
10 16 325
10 16 322
10 16 320
10 16 318
10 16 324
10 16 320
10 16 320
10 16 320
11 10 325
11 16 320
11 16 322
11 16 319
11 16 327
11 16 322
11 16 320
11 16 322
11 16 320
11 16 322
11 16 320
11 16 319
11 16 322
11 16 319
11 16 320
11 16 318
11 16 320
11 16 321
11 16 322
11 16 320
11 16 328
12 10 320
12 16 320
12 16 320
12 16 320
12 16 320
12 16 320
12 16 320
12 16 320
12 16 320
12 16 320
12 16 320
12 16 320
12 16 320
12 16 320
12 16 320
12 16 320
12 16 320
12 16 320
12 16 320
12 16 320
12 16 320
13 10 320
13 16 320
13 16 320
13 16 320
13 16 320
13 16 320
13 16 320
13 16 320
13 16 320
13 16 320
13 16 320
13 16 320
13 16 320
13 16 320
13 16 320
13 16 320
13 16 320
13 16 320
13 16 320
13 16 320
13 16 320
14 10 320
14 16 320
14 16 320
14 16 320
14 16 320
14 16 320
14 16 320
14 16 320
14 16 320
14 16 320
14 16 320
14 16 320
14 16 320
14 16 320
14 16 320
14 16 320
14 16 320
14 16 320
14 16 320
14 16 320
14 16 320
15 10 320
15 16 320
15 16 320
15 16 320
15 16 320
15 16 320
15 16 320
15 16 320
15 16 320
15 16 320
15 16 320
15 16 320
15 16 320
15 16 320
15 16 320
15 16 320
15 16 320
15 16 320
15 16 320
15 16 320
15 16 320
16 10 250
16 16 192
16 16 192
16 16 192
16 16 192
16 16 192
16 16 192
16 16 193
16 16 193
16 16 192
16 16 193
16 16 192
16 16 192
16 16 193
16 16 192
16 16 192
16 16 192
16 16 192
16 16 192
16 16 192
16 16 192
17 10 260
17 16 196
17 16 194
17 16 198
17 16 196
17 16 198
17 16 196
17 16 194
17 16 196
17 16 196
17 16 198
17 16 194
17 16 196
17 16 196
17 16 196
17 16 199
17 16 196
17 16 198
17 16 194
17 16 198
17 16 196
18 10 242
18 16 192
18 16 192
18 16 192
18 16 192
18 16 193
18 16 192
18 16 192
18 16 192
18 16 193
18 16 192
18 16 192
18 16 193
18 16 193
18 16 192
18 16 192
18 16 192
18 16 192
18 16 193
18 16 192
18 16 192
19 10 253
19 16 192
19 16 192
19 16 192
19 16 192
19 16 192
19 16 192
19 16 192
19 16 192
19 16 192
19 16 192
19 16 192
19 16 192
19 16 192
19 16 192
19 16 192
19 16 192
19 16 192
19 16 192
19 16 192
19 16 192
20 10 248
20 16 192
20 16 192
20 16 192
20 16 192
20 16 192
20 16 192
20 16 192
20 16 192
20 16 192
20 16 192
20 16 192
20 16 195
20 16 192
20 16 192
20 16 192
20 16 195
20 16 192
20 16 192
20 16 192
20 16 192
21 10 246
21 16 192
21 16 192
21 16 192
21 16 192
21 16 192
21 16 192
21 16 192
21 16 192
21 16 192
21 16 192
21 16 192
21 16 192
21 16 192
21 16 192
21 16 192
21 16 192
21 16 194
21 16 192
21 16 192
21 16 192
22 10 252
22 16 192
22 16 192
22 16 192
22 16 192
22 16 192
22 16 192
22 16 192
22 16 195
22 16 192
22 16 192
22 16 193
22 16 192
22 16 192
22 16 192
22 16 192
22 16 192
22 16 192
22 16 192
22 16 192
22 16 192
23 10 237
23 16 192
23 16 192
23 16 200
23 16 192
23 16 200
23 16 200
23 16 192
23 16 192
23 16 192
23 16 192
23 16 192
23 16 192
23 16 200
23 16 200
23 16 192
23 16 192
23 16 192
23 16 192
23 16 192
23 16 192
24 10 229
24 16 192
24 16 192
24 16 192
24 16 192
24 16 192
24 16 192
24 16 192
24 16 192
24 16 192
24 16 192
24 16 192
24 16 192
24 16 192
24 16 192
24 16 192
24 16 192
24 16 192
24 16 192
24 16 192
24 16 192
25 10 242
25 16 192
25 16 192
25 16 192
25 16 192
25 16 192
25 16 192
25 16 192
25 16 192
25 16 192
25 16 192
25 16 192
25 16 192
25 16 192
25 16 192
25 16 192
25 16 192
25 16 192
25 16 192
25 16 192
25 16 192
26 10 246
26 16 192
26 16 192
26 16 192
26 16 192
26 16 192
26 16 192
26 16 192
26 16 192
26 16 192
26 16 192
26 16 192
26 16 192
26 16 192
26 16 192
26 16 192
26 16 192
26 16 192
26 16 192
26 16 192
26 16 192
27 10 247
27 16 192
27 16 192
27 16 192
27 16 192
27 16 192
27 16 192
27 16 192
27 16 192
27 16 192
27 16 192
27 16 192
27 16 192
27 16 192
27 16 192
27 16 192
27 16 192
27 16 192
27 16 192
27 16 192
27 16 192
28 10 222
28 16 192
28 16 192
28 16 192
28 16 192
28 16 192
28 16 192
28 16 192
28 16 192
28 16 192
28 16 192
28 16 192
28 16 192
28 16 192
28 16 192
28 16 192
28 16 192
28 16 192
28 16 192
28 16 192
28 16 192
29 10 223
29 16 192
29 16 192
29 16 192
29 16 192
29 16 192
29 16 192
29 16 192
29 16 192
29 16 192
29 16 192
29 16 192
29 16 192
29 16 192
29 16 192
29 16 192
29 16 192
29 16 192
29 16 192
29 16 192
29 16 192
30 10 293
30 16 192
30 16 192
30 16 192
30 16 192
30 16 192
30 16 192
30 16 192
30 16 192
30 16 192
30 16 192
30 16 192
30 16 192
30 16 192
30 16 192
30 16 192
30 16 192
30 16 192
30 16 192
30 16 192
30 16 192
31 10 224
31 16 192
31 16 192
31 16 192
31 16 192
31 16 192
31 16 192
31 16 192
31 16 192
31 16 192
31 16 192
31 16 192
31 16 192
31 16 192
31 16 192
31 16 192
31 16 192
31 16 192
31 16 192
31 16 192
31 16 192
32 10 158
32 16 128
32 16 126
32 16 128
32 16 129
32 16 127
32 16 128
32 16 124
32 16 129
32 16 127
32 16 128
32 16 128
32 16 128
32 16 128
32 16 129
32 16 128
32 16 128
32 16 128
32 16 127
32 16 128
32 16 128
33 10 146
33 16 128
33 16 128
33 16 129
33 16 129
33 16 129
33 16 127
33 16 124
33 16 133
33 16 130
33 16 127
33 16 128
33 16 128
33 16 130
33 16 128
33 16 128
33 16 128
33 16 128
33 16 128
33 16 128
33 16 129
34 10 133
34 16 128
34 16 133
34 16 128
34 16 127
34 16 129
34 16 128
34 16 130
34 16 125
34 16 131
34 16 128
34 16 128
34 16 128
34 16 128
34 16 128
34 16 129
34 16 127
34 16 128
34 16 132
34 16 128
34 16 128
35 10 146
35 16 128
35 16 130
35 16 128
35 16 127
35 16 128
35 16 128
35 16 122
35 16 130
35 16 133
35 16 126
35 16 128
35 16 128
35 16 128
35 16 128
35 16 128
35 16 126
35 16 135
35 16 128
35 16 129
35 16 128
36 10 128
36 16 128
36 16 127
36 16 128
36 16 127
36 16 128
36 16 126
36 16 128
36 16 129
36 16 128
36 16 131
36 16 127
36 16 128
36 16 123
36 16 130
36 16 129
36 16 127
36 16 130
36 16 131
36 16 128
36 16 129
37 10 140
37 16 126
37 16 127
37 16 127
37 16 126
37 16 127
37 16 128
37 16 128
37 16 131
37 16 131
37 16 130
37 16 128
37 16 134
37 16 129
37 16 131
37 16 124
37 16 126
37 16 128
37 16 128
37 16 124
37 16 133
38 10 128
38 16 126
38 16 128
38 16 127
38 16 128
38 16 128
38 16 128
38 16 130
38 16 130
38 16 126
38 16 129
38 16 128
38 16 126
38 16 129
38 16 128
38 16 126
38 16 128
38 16 126
38 16 126
38 16 126
38 16 130
39 10 128
39 16 128
39 16 128
39 16 128
39 16 128
39 16 128
39 16 128
39 16 128
39 16 128
39 16 128
39 16 128
39 16 127
39 16 128
39 16 128
39 16 127
39 16 128
39 16 128
39 16 128
39 16 128
39 16 128
39 16 128
40 10 128
40 16 129
40 16 129
40 16 127
40 16 128
40 16 126
40 16 129
40 16 126
40 16 127
40 16 130
40 16 128
40 16 129
40 16 125
40 16 127
40 16 128
40 16 128
40 16 127
40 16 128
40 16 129
40 16 127
40 16 131
41 10 128
41 16 129
41 16 129
41 16 128
41 16 127
41 16 128
41 16 128
41 16 127
41 16 127
41 16 129
41 16 128
41 16 128
41 16 127
41 16 128
41 16 127
41 16 131
41 16 128
41 16 127
41 16 128
41 16 128
41 16 128
42 10 128
42 16 128
42 16 126
42 16 129
42 16 128
42 16 131
42 16 128
42 16 129
42 16 130
42 16 128
42 16 128
42 16 126
42 16 126
42 16 126
42 16 129
42 16 128
42 16 128
42 16 128
42 16 130
42 16 129
42 16 128
43 10 128
43 16 128
43 16 128
43 16 128
43 16 127
43 16 128
43 16 129
43 16 129
43 16 128
43 16 128
43 16 128
43 16 128
43 16 128
43 16 128
43 16 132
43 16 128
43 16 128
43 16 127
43 16 128
43 16 128
43 16 128
44 10 130
44 16 128
44 16 128
44 16 128
44 16 128
44 16 128
44 16 128
44 16 128
44 16 128
44 16 128
44 16 128
44 16 127
44 16 128
44 16 128
44 16 128
44 16 128
44 16 129
44 16 128
44 16 126
44 16 128
44 16 128
45 10 128
45 16 128
45 16 128
45 16 128
45 16 127
45 16 128
45 16 128
45 16 128
45 16 128
45 16 128
45 16 128
45 16 128
45 16 128
45 16 128
45 16 128
45 16 128
45 16 128
45 16 128
45 16 128
45 16 128
45 16 128
46 10 129
46 16 128
46 16 128
46 16 128
46 16 128
46 16 128
46 16 128
46 16 128
46 16 128
46 16 128
46 16 128
46 16 128
46 16 128
46 16 128
46 16 128
46 16 128
46 16 128
46 16 128
46 16 128
46 16 128
46 16 128
47 10 128
47 16 128
47 16 128
47 16 128
47 16 128
47 16 128
47 16 128
47 16 128
47 16 128
47 16 128
47 16 128
47 16 128
47 16 128
47 16 128
47 16 128
47 16 128
47 16 128
47 16 128
47 16 128
47 16 128
47 16 128
48 10 128
48 16 125
48 16 127
48 16 128
48 16 128
48 16 131
48 16 125
48 16 125
48 16 127
48 16 130
48 16 128
48 16 129
48 16 126
48 16 125
48 16 131
48 16 131
48 16 128
48 16 125
48 16 129
48 16 132
48 16 124
49 10 128
49 16 125
49 16 121
49 16 134
49 16 130
49 16 130
49 16 128
49 16 125
49 16 126
49 16 128
49 16 132
49 16 130
49 16 122
49 16 127
49 16 125
49 16 128
49 16 125
49 16 133
49 16 121
49 16 130
49 16 127
50 10 128
50 16 130
50 16 128
50 16 128
50 16 124
50 16 122
50 16 129
50 16 129
50 16 123
50 16 125
50 16 131
50 16 130
50 16 125
50 16 128
50 16 130
50 16 126
50 16 129
50 16 130
50 16 126
50 16 128
50 16 121
51 10 128
51 16 129
51 16 126
51 16 130
51 16 131
51 16 127
51 16 130
51 16 126
51 16 127
51 16 124
51 16 129
51 16 129
51 16 130
51 16 127
51 16 128
51 16 125
51 16 127
51 16 129
51 16 130
51 16 128
51 16 131
52 10 128
52 16 123
52 16 130
52 16 126
52 16 125
52 16 126
52 16 130
52 16 132
52 16 129
52 16 129
52 16 128
52 16 129
52 16 128
52 16 133
52 16 133
52 16 128
52 16 130
52 16 130
52 16 130
52 16 130
52 16 126
53 10 128
53 16 128
53 16 126
53 16 125
53 16 130
53 16 130
53 16 130
53 16 129
53 16 132
53 16 126
53 16 128
53 16 127
53 16 132
53 16 128
53 16 128
53 16 123
53 16 131
53 16 128
53 16 124
53 16 129
53 16 126
54 10 128
54 16 127
54 16 126
54 16 123
54 16 126
54 16 129
54 16 130
54 16 131
54 16 125
54 16 125
54 16 131
54 16 128
54 16 126
54 16 132
54 16 125
54 16 129
54 16 126
54 16 126
54 16 124
54 16 127
54 16 131
55 10 128
55 16 125
55 16 124
55 16 129
55 16 133
55 16 130
55 16 124
55 16 131
55 16 130
55 16 124
55 16 130
55 16 127
55 16 131
55 16 130
55 16 126
55 16 127
55 16 128
55 16 128
55 16 129
55 16 132
55 16 130
56 10 128
56 16 128
56 16 128
56 16 129
56 16 128
56 16 128
56 16 127
56 16 128
56 16 128
56 16 128
56 16 128
56 16 128
56 16 127
56 16 129
56 16 128
56 16 127
56 16 129
56 16 128
56 16 128
56 16 128
56 16 128
57 10 128
57 16 128
57 16 129
57 16 128
57 16 128
57 16 128
57 16 128
57 16 129
57 16 128
57 16 128
57 16 128
57 16 128
57 16 128
57 16 127
57 16 127
57 16 128
57 16 128
57 16 128
57 16 126
57 16 128
57 16 128
58 10 128
58 16 128
58 16 128
58 16 128
58 16 128
58 16 128
58 16 128
58 16 128
58 16 128
58 16 128
58 16 128
58 16 128
58 16 128
58 16 128
58 16 128
58 16 128
58 16 128
58 16 128
58 16 128
58 16 128
58 16 128
59 10 128
59 16 128
59 16 128
59 16 128
59 16 128
59 16 128
59 16 128
59 16 128
59 16 128
59 16 128
59 16 128
59 16 128
59 16 128
59 16 128
59 16 128
59 16 128
59 16 128
59 16 128
59 16 128
59 16 128
59 16 128
60 10 128
60 16 128
60 16 128
60 16 128
60 16 128
60 16 128
60 16 128
60 16 128
60 16 128
60 16 128
60 16 128
60 16 128
60 16 128
60 16 128
60 16 128
60 16 128
60 16 128
60 16 128
60 16 128
60 16 128
60 16 128
61 10 128
61 16 128
61 16 128
61 16 128
61 16 128
61 16 128
61 16 128
61 16 128
61 16 128
61 16 128
61 16 128
61 16 128
61 16 128
61 16 128
61 16 128
61 16 128
61 16 128
61 16 128
61 16 128
61 16 128
61 16 128
62 10 128
62 16 128
62 16 128
62 16 128
62 16 128
62 16 128
62 16 128
62 16 128
62 16 128
62 16 128
62 16 128
62 16 128
62 16 128
62 16 128
62 16 128
62 16 128
62 16 128
62 16 128
62 16 128
62 16 128
62 16 128
63 10 128
63 16 128
63 16 128
63 16 128
63 16 128
63 16 128
63 16 128
63 16 128
63 16 128
63 16 128
63 16 128
63 16 128
63 16 128
63 16 128
63 16 128
63 16 128
63 16 128
63 16 128
63 16 128
63 16 128
63 16 128
64 10 70
64 16 26
64 16 20
64 16 57
64 16 38
64 16 30
64 16 57
64 16 57
64 16 16
64 16 25
64 16 38
64 16 51
64 16 26
64 16 12
64 16 17
64 16 52
64 16 53
64 16 16
64 16 57
64 16 57
64 16 12
65 10 64
65 16 12
65 16 26
65 16 32
65 16 12
65 16 12
65 16 12
65 16 12
65 16 14
65 16 2
65 16 12
65 16 12
65 16 12
65 16 12
65 16 12
65 16 2
65 16 6
65 16 12
65 16 2
65 16 2
65 16 12
66 10 69
66 16 2
66 16 13
66 16 1
66 16 3
66 16 16
66 16 4
66 16 3
66 16 3
66 16 3
66 16 3
66 16 8
66 16 2
66 16 2
66 16 4
66 16 2
66 16 3
66 16 6
66 16 5
66 16 14
66 16 3
67 10 84
67 16 4
67 16 4
67 16 4
67 16 4
67 16 4
67 16 4
67 16 3
67 16 4
67 16 4
67 16 4
67 16 3
67 16 4
67 16 4
67 16 4
67 16 4
67 16 4
67 16 4
67 16 4
67 16 4
67 16 20
68 10 72
68 16 3
68 16 4
68 16 3
68 16 4
68 16 3
68 16 5
68 16 3
68 16 4
68 16 1
68 16 4
68 16 5
68 16 3
68 16 6
68 16 3
68 16 4
68 16 4
68 16 5
68 16 5
68 16 3
68 16 4
69 10 67
69 16 6
69 16 6
69 16 6
69 16 3
69 16 6
69 16 4
69 16 2
69 16 2
69 16 3
69 16 2
69 16 2
69 16 3
69 16 2
69 16 2
69 16 4
69 16 2
69 16 5
69 16 2
69 16 2
69 16 2
70 10 73
70 16 7
70 16 4
70 16 6
70 16 1
70 16 5
70 16 4
70 16 1
70 16 4
70 16 2
70 16 0
71 10 77
71 16 0
72 10 66
72 16 7
72 16 1
72 16 0
73 10 70
73 16 11
73 16 6
73 16 6
73 16 0
74 10 68
74 16 0
75 10 76
75 16 0
76 10 86
76 16 2
76 16 2
76 16 0
77 10 61
77 16 0
78 10 64
78 16 0
79 10 48
79 16 0
80 10 65
80 16 5
80 16 0
81 10 60
81 16 2
81 16 2
81 16 0
82 10 52
82 16 0
83 10 69
83 16 0
84 10 70
84 16 0
85 10 60
85 16 0
86 10 64
86 16 0
87 10 64
87 16 0
88 10 64
88 16 0
89 10 64
89 16 0
90 10 72
90 16 0
91 10 64
91 16 0
92 10 65
92 16 0
93 10 80
93 16 0
94 10 43
94 16 0
95 10 96
95 16 0
96 10 47
96 16 0
97 10 82
97 16 0
98 10 80
98 16 0
99 10 56
99 16 0
100 10 46
100 16 0
101 10 48
101 16 0
102 10 64
102 16 0
103 10 48
103 16 0
104 10 53
104 16 0
105 10 74
105 16 0
106 10 50
106 16 0
107 10 67
107 16 0
108 10 53
108 16 0
109 10 41
109 16 0
110 10 87
110 16 0
111 10 64
111 16 0
112 10 88
112 16 0
113 10 87
113 16 0
114 10 63
114 16 0
115 10 60
115 16 0
116 10 28
116 16 0
117 10 65
117 16 0
118 10 16
118 16 0
119 10 44
119 16 0
120 10 45
120 16 0
121 10 71
121 16 0
122 10 9
122 16 0
123 10 84
123 16 0
124 10 42
124 16 0
125 10 68
125 16 0
126 10 18
126 16 0
127 10 115
127 16 0
128 10 2
128 16 0
129 10 4
129 16 0
130 10 15
130 16 0
131 10 4
131 16 0
132 10 6
132 16 0
133 10 6
133 16 0
134 10 0
135 10 5
135 16 0
136 10 0
137 10 10
137 16 0
138 10 0
139 10 0
140 10 0
141 10 16
141 16 0
142 10 14
142 16 0
143 10 0
144 10 0
145 10 0
146 10 5
146 16 0
147 10 0
148 10 32
148 16 0
149 10 0
150 10 0
151 10 0
152 10 0
153 10 27
153 16 0
154 10 64
154 16 0
155 10 0
156 10 96
156 16 0
157 10 0
158 10 0
159 10 32
159 16 0
160 10 0
161 10 0
162 10 0
163 10 0
164 10 0
165 10 0
166 10 42
166 16 0
167 10 14
167 16 0
168 10 0
169 10 0
170 10 0
171 10 0
172 10 0
173 10 0
174 10 0
175 10 0
176 10 0
177 10 0
178 10 0
179 10 0
180 10 0
181 10 0
182 10 60
182 16 0
183 10 0
184 10 0
185 10 0
186 10 0
187 10 0
188 10 0
189 10 0
190 10 0
191 10 0
192 10 0
193 10 0
194 10 0
195 10 0
196 10 0
197 10 0
198 10 0
199 10 0
200 10 0
201 10 0
202 10 0
203 10 0
204 10 0
205 10 0
206 10 0
207 10 0
208 10 0
209 10 0
210 10 0
211 10 0
212 10 0
213 10 0
214 10 0
215 10 0
216 10 0
217 10 0
218 10 0
219 10 0
220 10 0
221 10 0
222 10 0
223 10 0
224 10 0
225 10 0
226 10 0
227 10 0
228 10 0
229 10 0
230 10 0
231 10 0
232 10 0
233 10 0
234 10 0
235 10 0
236 10 0
237 10 0
238 10 0
239 10 0
240 10 0
241 10 0
242 10 0
243 10 0
244 10 0
245 10 0
246 10 0
247 10 0
248 10 0
249 10 0
250 10 0
251 10 0
252 10 0
253 10 0
254 10 0
255 10 0
