2 10 944
2 20 939
2 25 1122
2 25 1122
2 20 974
2 25 1122
2 20 969
2 25 1122
2 25 1122
2 25 1122
2 25 1122
2 25 1122
2 25 1122
2 20 966
2 25 1122
2 20 962
2 20 969
2 20 968
2 20 963
2 25 1122
2 20 967
3 10 932
3 20 900
3 20 972
3 20 974
3 20 969
3 20 970
3 20 971
3 20 978
3 20 974
3 20 973
3 20 973
3 20 975
3 21 1013
3 21 1011
3 20 978
3 20 981
3 20 976
3 20 977
3 20 972
3 21 1009
3 20 973
4 10 824
4 20 804
4 25 1092
4 25 1092
4 25 1092
4 25 1092
4 25 1092
4 25 1092
4 25 1092
4 25 1092
4 20 839
4 25 1092
4 20 839
4 25 1092
4 25 1092
4 25 1092
4 25 1092
4 25 1092
4 25 1092
4 20 841
4 25 1092
5 10 891
5 20 809
5 20 847
5 20 855
5 20 850
5 20 847
5 25 1096
5 20 855
5 20 849
5 20 853
5 20 851
5 20 850
5 25 1096
5 20 850
5 25 1096
5 20 848
5 20 855
5 25 1096
5 20 847
5 20 851
5 20 848
6 10 853
6 20 858
6 25 1096
6 25 1096
6 25 1096
6 25 1096
6 25 1096
6 25 1096
6 25 1096
6 25 1096
6 25 1096
6 25 1096
6 25 1096
6 25 1096
6 25 1096
6 25 1096
6 25 1096
6 25 1096
6 25 1096
6 25 1096
6 25 1096
7 10 801
7 20 841
7 25 1096
7 25 1096
7 20 870
7 20 868
7 20 865
7 25 1096
7 20 871
7 20 863
7 25 1096
7 21 928
7 20 860
7 20 864
7 20 864
7 25 1096
7 21 923
7 20 867
7 20 866
7 20 864
7 20 867
8 10 800
8 20 796
8 25 1036
8 25 1036
8 25 1036
8 25 1036
8 25 1036
8 25 1036
8 25 1036
8 25 1036
8 25 1033
8 25 1036
8 25 1033
8 25 1036
8 25 1036
8 25 1036
8 25 1036
8 25 1036
8 25 1036
8 25 1036
8 25 1036
9 10 782
9 20 794
9 25 1042
9 25 1042
9 25 1042
9 20 752
9 25 1039
9 25 1039
9 25 1042
9 25 1042
9 25 1042
9 25 1042
9 25 1042
9 25 1042
9 25 1042
9 25 1042
9 25 1042
9 25 1042
9 25 1042
9 25 1039
9 25 1042
10 10 836
10 20 829
10 25 1045
10 25 1045
10 25 1045
10 25 1045
10 25 1048
10 25 1045
10 25 1045
10 25 1045
10 25 1045
10 25 1045
10 25 1045
10 25 1045
10 25 1045
10 25 1045
10 25 1045
10 25 1045
10 25 1048
10 25 1045
10 25 1048
11 10 768
11 20 786
11 20 778
11 20 777
11 25 1045
11 25 1048
11 25 1048
11 25 1048
11 25 1048
11 25 1048
11 20 772
11 25 1048
11 25 1045
11 20 776
11 25 1048
11 25 1048
11 20 775
11 25 1048
11 25 1048
11 25 1045
11 25 1048
12 10 797
12 20 808
12 30 1073
12 30 1048
12 25 1048
12 30 1048
12 30 1048
12 25 1048
12 30 1048
12 30 1048
12 30 1048
12 30 1048
12 25 1048
12 30 1048
12 30 1048
12 30 1048
12 30 1048
12 30 1048
12 30 1048
12 30 1048
12 30 1048
13 10 866
13 20 830
13 25 1048
13 25 1048
13 25 1048
13 25 1048
13 25 1048
13 25 1048
13 25 1048
13 25 1048
13 25 1048
13 25 1048
13 25 1048
13 30 1048
13 25 1048
13 25 1048
13 25 1048
13 25 1048
13 25 1048
13 25 1048
13 25 1048
14 10 777
14 20 823
14 25 1048
14 25 1048
14 25 1048
14 30 1048
14 25 1048
14 25 1048
14 25 1048
14 25 1048
14 25 1048
14 25 1048
14 30 1048
14 30 1048
14 25 1048
14 25 1048
14 25 1048
14 25 1048
14 25 1048
14 25 1048
14 30 1048
15 10 789
15 20 804
15 25 1048
15 20 797
15 25 1048
15 25 1048
15 25 1048
15 25 1048
15 25 1048
15 25 1048
15 25 1048
15 25 1048
15 25 1048
15 20 803
15 25 1048
15 25 1048
15 25 1048
15 20 801
15 25 1048
15 25 1048
15 25 1048
16 10 758
16 20 729
16 24 842
16 25 938
16 25 934
16 25 938
16 25 934
16 25 938
16 25 938
16 25 938
16 25 938
16 25 936
16 24 842
16 25 938
16 25 938
16 25 932
16 25 936
16 25 934
16 25 938
16 25 938
16 25 932
17 10 732
17 20 746
17 25 944
17 25 938
17 25 944
17 25 944
17 25 944
17 25 936
17 25 944
17 25 936
17 25 938
17 25 936
17 25 940
17 25 936
17 25 942
17 25 940
17 25 940
17 25 936
17 25 940
17 25 940
17 25 944
18 10 748
18 20 765
18 25 948
18 25 948
18 25 946
18 25 952
18 25 948
18 25 948
18 25 948
18 25 942
18 25 946
18 25 944
18 25 948
18 25 948
18 25 946
18 25 948
18 25 948
18 25 948
18 25 948
18 25 948
18 25 948
19 10 746
19 20 754
19 25 948
19 25 952
19 25 948
19 24 864
19 25 946
19 25 952
19 25 952
19 25 948
19 25 946
19 25 948
19 25 950
19 24 856
19 25 952
19 25 952
19 25 948
19 25 952
19 25 952
19 25 950
19 25 948
20 10 761
20 20 810
20 25 952
20 25 952
20 25 952
20 25 952
20 25 950
20 25 952
20 30 960
20 25 952
20 25 952
20 25 950
20 30 960
20 25 952
20 25 952
20 25 952
20 25 952
20 25 952
20 25 952
20 25 952
20 25 952
21 10 798
21 20 795
21 25 952
21 25 952
21 25 952
21 25 952
21 25 952
21 25 952
21 25 952
21 25 952
21 25 952
21 25 952
21 25 952
21 25 952
21 25 952
21 25 952
21 25 952
21 25 952
21 25 952
21 25 950
21 25 952
22 10 783
22 20 762
22 25 952
22 25 952
22 30 960
22 25 954
22 25 960
22 25 958
22 25 952
22 25 960
22 25 960
22 25 958
22 25 956
22 25 956
22 25 958
22 25 952
22 25 950
22 25 958
22 25 952
22 25 958
22 25 960
23 10 802
23 20 798
23 25 956
23 25 960
23 25 958
23 25 960
23 25 956
23 25 956
23 25 958
23 25 960
23 25 958
23 25 958
23 25 956
23 25 960
23 25 960
23 25 956
23 25 960
23 25 960
23 25 958
23 25 956
23 25 958
24 10 804
24 20 792
24 25 960
24 25 960
24 25 960
24 25 960
24 25 960
24 30 960
24 30 960
24 25 960
24 25 960
24 25 960
24 30 960
24 25 960
24 25 960
24 30 960
24 30 960
24 30 960
24 25 960
24 25 960
24 30 960
25 10 823
25 20 798
25 30 1024
25 30 960
25 30 960
25 30 960
25 30 960
25 30 960
25 30 960
25 25 960
25 30 960
25 30 960
25 30 960
25 25 960
25 25 960
25 25 960
25 25 960
25 25 960
25 30 960
25 30 960
25 30 960
26 10 813
26 20 804
26 25 960
26 25 960
26 30 960
26 25 960
26 25 960
26 30 960
26 30 960
26 30 960
26 30 960
26 25 960
26 25 960
26 25 960
26 25 960
26 25 960
26 25 960
26 30 960
26 30 960
26 25 960
26 25 960
27 10 814
27 20 809
27 30 1024
27 25 960
27 25 960
27 25 960
27 25 960
27 30 960
27 25 960
27 25 960
27 25 960
27 30 960
27 25 960
27 25 960
27 25 960
27 30 960
27 25 960
27 25 960
27 30 960
27 25 960
27 30 960
28 10 821
28 20 792
28 30 1024
28 25 960
28 25 960
28 25 960
28 25 960
28 30 960
28 30 960
28 25 960
28 30 960
28 25 960
28 30 960
28 30 960
28 30 960
28 30 960
28 30 960
28 25 960
28 30 960
28 25 960
28 30 960
29 10 803
29 20 831
29 25 960
29 25 960
29 25 960
29 30 960
29 25 960
29 30 960
29 25 960
29 30 960
29 30 960
29 30 960
29 25 960
29 25 960
29 25 960
29 30 960
29 30 960
29 30 960
29 30 960
29 30 960
29 25 960
30 10 788
30 20 811
30 25 960
30 25 960
30 25 960
30 25 960
30 25 960
30 25 960
30 25 960
30 25 960
30 30 960
30 25 960
30 30 960
30 25 960
30 25 960
30 25 960
30 25 960
30 25 960
30 25 960
30 25 960
30 25 960
31 10 824
31 20 832
31 26 954
31 26 954
31 26 954
31 26 954
31 26 954
31 26 954
31 26 954
31 26 954
31 26 954
31 26 954
31 26 954
31 26 954
31 26 954
31 26 954
31 26 954
31 26 954
31 26 954
31 26 954
31 26 954
32 10 674
32 20 682
32 24 691
32 26 780
32 26 780
32 26 780
32 26 780
32 26 780
32 26 780
32 26 780
32 26 780
32 26 780
32 26 780
32 26 780
32 26 780
32 26 780
32 26 780
32 26 780
32 26 780
32 26 780
32 26 780
33 10 662
33 20 670
33 26 780
33 26 780
33 26 780
33 26 780
33 26 780
33 26 780
33 26 780
33 26 780
33 26 780
33 26 780
33 26 780
33 26 780
33 26 780
33 26 780
33 26 780
33 26 780
33 24 695
33 26 780
33 26 780
34 10 677
34 20 681
34 26 780
34 26 780
34 26 780
34 26 780
34 26 780
34 26 780
34 30 800
34 26 780
34 26 780
34 26 780
34 26 780
34 26 780
34 26 780
34 26 780
34 26 780
34 26 780
34 26 780
34 26 780
34 26 783
35 10 684
35 20 679
35 26 780
35 26 780
35 26 780
35 26 783
35 26 783
35 26 780
35 26 780
35 26 780
35 30 800
35 24 700
35 26 780
35 26 786
35 26 780
35 26 780
35 26 780
35 26 780
35 26 780
35 26 780
35 26 780
36 10 680
36 20 684
36 26 782
36 26 782
36 30 800
36 26 782
36 26 782
36 26 782
36 26 782
36 26 782
36 26 782
36 26 782
36 26 784
36 26 782
36 26 782
36 26 782
36 26 782
36 26 782
36 26 782
36 26 782
36 26 782
37 10 685
37 20 677
37 26 782
37 26 782
37 26 782
37 26 782
37 26 782
37 26 782
37 26 785
37 26 782
37 26 782
37 26 782
37 26 782
37 26 785
37 26 782
37 26 784
37 26 782
37 26 782
37 26 782
37 26 782
37 26 785
38 10 689
38 20 679
38 26 782
38 26 786
38 26 782
38 26 786
38 26 786
38 26 782
38 26 782
38 26 782
38 26 782
38 26 782
38 26 782
38 26 782
38 26 782
38 26 784
38 26 786
38 26 782
38 26 782
38 26 784
38 26 782
39 10 678
39 20 684
39 26 785
39 26 784
39 26 786
39 26 786
39 26 786
39 26 786
39 26 784
39 26 784
39 26 785
39 26 784
39 26 786
39 26 785
39 26 784
39 26 785
39 26 786
39 26 784
39 26 786
39 26 786
39 26 786
40 10 699
40 20 704
40 26 785
40 26 786
40 26 786
40 26 785
40 26 786
40 30 800
40 26 786
40 26 785
40 26 786
40 26 785
40 26 786
40 26 786
40 26 786
40 26 785
40 26 785
40 26 786
40 26 785
40 26 785
40 26 786
41 10 691
41 20 708
41 30 926
41 26 786
41 30 800
41 26 786
41 26 786
41 26 786
41 26 786
41 26 786
41 26 786
41 26 785
41 26 786
41 26 786
41 26 786
41 26 785
41 26 786
41 30 800
41 26 786
41 26 785
41 30 800
42 10 705
42 20 702
42 30 926
42 30 800
42 30 800
42 26 786
42 26 785
42 30 799
42 26 786
42 26 786
42 30 800
42 30 800
42 26 785
42 26 786
42 26 786
42 26 786
42 26 786
42 26 786
42 26 785
42 26 785
42 26 786
43 10 697
43 20 706
43 26 786
43 30 800
43 26 786
43 26 786
43 26 786
43 26 786
43 26 786
43 26 786
43 30 800
43 26 786
43 26 786
43 30 800
43 30 800
43 26 785
43 30 800
43 26 785
43 30 800
43 30 800
43 30 800
44 10 702
44 20 691
44 30 926
44 26 786
44 26 786
44 30 800
44 26 786
44 26 786
44 26 786
44 26 786
44 26 785
44 26 786
44 26 786
44 26 785
44 26 786
44 30 800
44 26 786
44 30 800
44 26 786
44 30 800
44 26 786
45 10 705
45 20 704
45 26 786
45 26 786
45 26 786
45 26 786
45 26 786
45 26 786
45 26 786
45 26 786
45 26 786
45 26 786
45 26 786
45 26 786
45 26 786
45 26 786
45 26 786
45 26 786
45 26 786
45 26 786
45 26 786
46 10 704
46 20 699
46 26 786
46 26 786
46 26 786
46 26 786
46 26 786
46 26 786
46 26 786
46 26 786
46 26 786
46 26 786
46 26 786
46 26 786
46 26 786
46 26 786
46 26 786
46 26 786
46 26 786
46 26 786
46 26 786
47 10 694
47 20 696
47 26 786
47 26 786
47 26 786
47 26 786
47 26 786
47 26 786
47 26 786
47 26 786
47 26 786
47 26 786
47 26 786
47 26 786
47 26 786
47 26 786
47 26 786
47 26 786
47 26 786
47 26 786
47 26 786
48 10 733
48 20 737
48 26 786
48 26 786
48 26 786
48 26 786
48 26 786
48 26 786
48 26 786
48 30 800
48 26 786
48 26 786
48 26 786
48 26 786
48 26 786
48 26 786
48 26 786
48 26 786
48 26 786
48 26 786
48 26 786
49 10 731
49 20 737
49 30 926
49 26 786
49 30 800
49 26 786
49 26 786
49 26 786
49 26 786
49 26 786
49 26 786
49 26 786
49 26 786
49 26 786
49 26 786
49 26 786
49 26 786
49 26 786
49 26 786
49 26 786
49 26 786
50 10 729
50 20 741
50 30 926
50 26 786
50 26 786
50 26 786
50 26 786
50 26 786
50 26 786
50 30 800
50 26 786
50 26 786
50 26 786
50 26 786
50 26 786
50 26 786
50 30 800
50 26 786
50 30 800
50 26 786
50 30 800
51 10 727
51 20 725
51 30 926
51 30 800
51 30 800
51 30 800
51 30 800
51 30 800
51 26 786
51 26 786
51 30 800
51 30 800
51 26 786
51 30 800
51 26 786
51 30 800
51 30 800
51 30 800
51 26 786
51 26 786
51 30 800
52 10 731
52 20 726
52 26 786
52 30 800
52 30 800
52 26 786
52 30 800
52 30 800
52 30 800
52 30 800
52 30 800
52 30 800
52 30 800
52 30 800
52 30 800
52 30 800
52 30 800
52 26 786
52 30 800
52 30 800
52 30 800
53 10 737
53 20 733
53 30 926
53 30 800
53 30 800
53 30 800
53 30 800
53 30 800
53 26 786
53 26 786
53 26 786
53 30 800
53 30 800
53 26 786
53 30 800
53 30 800
53 30 800
53 30 800
53 26 786
53 26 786
53 30 800
54 10 734
54 20 736
54 30 926
54 26 786
54 30 800
54 30 800
54 30 800
54 30 800
54 26 786
54 30 800
54 30 800
54 26 786
54 30 800
54 30 800
54 30 800
54 30 800
54 30 800
54 30 800
54 30 800
54 30 800
54 30 800
55 10 729
55 20 731
55 30 926
55 30 800
55 26 786
55 30 800
55 30 800
55 26 786
55 30 800
55 30 800
55 30 800
55 30 800
55 30 800
55 30 800
55 30 800
55 30 800
55 30 800
55 26 786
55 30 800
55 30 800
55 30 800
56 10 731
56 20 728
56 30 926
56 30 800
56 30 800
56 30 800
56 26 786
56 30 800
56 30 800
56 26 786
56 30 800
56 26 786
56 30 800
56 30 800
56 30 800
56 30 800
56 26 786
56 26 786
56 30 800
56 26 786
56 30 800
57 10 734
57 20 733
57 26 786
57 30 800
57 30 800
57 26 786
57 30 800
57 26 786
57 26 786
57 26 786
57 30 800
57 26 786
57 30 800
57 26 786
57 30 800
57 26 786
57 26 786
57 30 800
57 30 800
57 30 800
57 26 786
58 10 730
58 20 733
58 26 786
58 26 786
58 26 786
58 30 800
58 30 800
58 30 800
58 26 786
58 30 800
58 26 786
58 26 786
58 26 786
58 26 786
58 26 786
58 26 786
58 30 800
58 30 800
58 26 786
58 26 786
58 26 786
59 10 742
59 20 729
59 30 926
59 30 800
59 26 786
59 30 800
59 30 800
59 26 786
59 26 786
59 30 800
59 26 786
59 26 786
59 30 800
59 26 786
59 30 800
59 26 786
59 30 800
59 30 800
59 30 800
59 30 800
59 30 800
60 10 742
60 20 737
60 26 786
60 30 800
60 26 786
60 26 786
60 30 800
60 26 786
60 26 786
60 26 786
60 26 786
60 26 786
60 26 786
60 26 786
60 26 786
60 26 786
60 26 786
60 26 786
60 26 786
60 26 786
60 26 786
61 10 733
61 20 740
61 26 786
61 26 786
61 30 800
61 26 786
61 26 786
61 26 786
61 26 786
61 26 786
61 30 800
61 26 786
61 26 786
61 26 786
61 30 800
61 26 786
61 26 786
61 26 786
61 26 786
61 26 786
61 26 786
62 10 735
62 20 737
62 26 786
62 26 786
62 26 786
62 26 786
62 26 786
62 26 786
62 26 786
62 26 786
62 26 786
62 26 786
62 26 786
62 26 786
62 26 786
62 26 786
62 26 786
62 26 786
62 26 786
62 26 786
62 26 786
63 10 735
63 20 731
63 26 786
63 26 786
63 26 786
63 26 786
63 26 786
63 26 786
63 26 786
63 26 786
63 26 786
63 26 786
63 26 786
63 26 786
63 26 786
63 26 786
63 26 786
63 26 786
63 26 786
63 26 786
63 26 786
64 10 570
64 20 569
64 26 512
64 26 512
64 26 512
64 26 512
64 26 512
64 26 512
64 26 512
64 26 512
64 26 512
64 26 512
64 26 512
64 26 512
64 26 512
64 26 512
64 26 512
64 26 512
64 26 512
64 26 512
64 26 512
65 10 564
65 20 564
65 26 512
65 26 512
65 26 512
65 26 512
65 26 512
65 26 512
65 26 512
65 26 512
65 26 512
65 26 512
65 26 512
65 26 512
65 26 512
65 26 512
65 26 512
65 26 512
65 26 512
65 26 512
65 26 512
66 10 556
66 20 555
66 26 512
66 26 512
66 26 512
66 26 512
66 26 512
66 26 512
66 26 512
66 26 512
66 26 512
66 26 512
66 26 512
66 26 512
66 26 512
66 26 512
66 26 512
66 26 512
66 26 512
66 26 512
66 26 512
67 10 555
67 20 556
67 26 512
67 26 512
67 26 512
67 26 512
67 26 512
67 26 512
67 26 512
67 26 512
67 26 512
67 26 512
67 26 512
67 26 512
67 26 512
67 26 512
67 26 512
67 26 512
67 26 512
67 26 512
67 26 512
68 10 544
68 20 545
68 26 512
68 26 512
68 26 512
68 26 512
68 26 512
68 26 512
68 26 512
68 26 512
68 26 512
68 26 512
68 26 512
68 26 512
68 26 512
68 26 512
68 26 512
68 26 512
68 26 512
68 26 512
68 26 512
69 10 544
69 20 544
69 30 710
69 26 512
69 26 512
69 26 512
69 26 512
69 26 512
69 26 512
69 26 512
69 26 512
69 26 512
69 26 512
69 26 512
69 26 512
69 26 512
69 26 512
69 26 512
69 26 512
69 26 512
69 26 512
70 10 545
70 20 543
70 26 512
70 26 512
70 26 512
70 26 512
70 26 512
70 26 512
70 26 512
70 26 512
70 26 512
70 26 512
70 26 512
70 26 512
70 26 512
70 26 512
70 26 512
70 26 512
70 26 512
70 26 512
70 26 512
71 10 544
71 20 543
71 26 512
71 26 512
71 26 512
71 26 512
71 26 512
71 26 512
71 26 512
71 26 512
71 26 512
71 26 512
71 26 512
71 26 512
71 24 512
71 26 512
71 26 512
71 26 512
71 26 512
71 26 512
71 26 512
72 10 528
72 20 527
72 30 710
72 26 512
72 26 512
72 26 512
72 26 512
72 26 512
72 26 512
72 26 512
72 26 512
72 26 512
72 26 512
72 26 512
72 26 512
72 26 512
72 26 512
72 26 512
72 26 512
72 26 512
72 26 512
73 10 529
73 20 529
73 26 512
73 30 512
73 26 512
73 30 512
73 26 512
73 26 512
73 26 512
73 26 512
73 26 512
73 26 512
73 26 512
73 26 512
73 26 512
73 30 512
73 26 512
73 26 512
73 30 512
73 26 512
73 26 512
74 10 528
74 20 528
74 26 512
74 26 512
74 26 512
74 26 512
74 26 512
74 26 512
74 26 512
74 26 512
74 26 512
74 26 512
74 26 512
74 26 512
74 26 512
74 30 512
74 26 512
74 26 512
74 26 512
74 26 512
74 30 512
75 10 528
75 20 527
75 26 512
75 26 512
75 26 512
75 26 512
75 26 512
75 26 512
75 26 512
75 26 512
75 26 512
75 26 512
75 26 512
75 26 512
75 26 512
75 26 512
75 26 512
75 26 512
75 26 512
75 26 512
75 26 512
76 10 527
76 20 527
76 26 512
76 26 512
76 26 512
76 26 512
76 26 512
76 26 512
76 26 512
76 26 512
76 26 512
76 26 512
76 26 512
76 30 512
76 26 512
76 30 512
76 26 512
76 26 512
76 26 512
76 26 512
76 26 512
77 10 528
77 20 528
77 26 512
77 26 512
77 26 512
77 26 512
77 26 512
77 26 512
77 26 512
77 26 512
77 26 512
77 26 512
77 26 512
77 26 512
77 26 512
77 26 512
77 26 512
77 26 512
77 26 512
77 26 512
77 26 512
78 10 528
78 20 527
78 26 512
78 26 512
78 26 512
78 26 512
78 26 512
78 26 512
78 26 512
78 26 512
78 26 512
78 26 512
78 26 512
78 26 512
78 26 512
78 26 512
78 26 512
78 26 512
78 26 512
78 26 512
78 26 512
79 10 527
79 20 527
79 26 512
79 26 512
79 26 512
79 26 512
79 26 512
79 26 512
79 26 512
79 26 512
79 26 511
79 26 512
79 30 512
79 26 512
79 26 512
79 26 512
79 26 512
79 26 512
79 26 512
79 26 512
79 26 512
80 10 514
80 20 512
80 26 512
80 26 512
80 26 512
80 26 512
80 26 512
80 26 512
80 26 512
80 26 512
80 26 512
80 30 512
80 26 512
80 26 512
80 26 512
80 26 512
80 26 512
80 30 512
80 26 512
80 30 512
80 26 512
81 10 512
81 20 513
81 30 710
81 26 512
81 26 512
81 26 512
81 26 512
81 26 512
81 26 512
81 26 512
81 26 512
81 26 512
81 30 512
81 30 512
81 26 512
81 26 512
81 26 512
81 26 512
81 26 512
81 30 512
81 26 512
82 10 513
82 20 512
82 26 512
82 30 512
82 30 512
82 30 512
82 26 512
82 30 512
82 26 512
82 26 512
82 26 512
82 30 512
82 26 512
82 26 512
82 26 512
82 26 512
82 26 512
82 26 512
82 26 512
82 26 512
82 30 512
83 10 512
83 20 513
83 30 710
83 26 512
83 26 512
83 30 512
83 26 512
83 26 512
83 26 512
83 26 512
83 30 512
83 30 512
83 26 512
83 30 512
83 26 512
83 26 512
83 30 512
83 30 512
83 30 512
83 30 512
83 26 512
84 10 511
84 20 512
84 26 512
84 30 512
84 30 512
84 26 512
84 26 512
84 26 512
84 26 512
84 26 512
84 26 512
84 26 512
84 26 512
84 30 512
84 26 512
84 26 512
84 26 512
84 26 512
84 26 512
84 30 512
84 30 512
85 10 511
85 20 512
85 30 710
85 26 512
85 30 512
85 26 512
85 26 512
85 30 512
85 30 512
85 26 512
85 26 512
85 26 512
85 26 512
85 26 512
85 26 512
85 26 512
85 26 512
85 26 512
85 30 512
85 30 512
85 26 512
86 10 511
86 20 512
86 26 512
86 26 512
86 30 512
86 26 512
86 30 512
86 30 512
86 26 512
86 26 512
86 30 512
86 30 512
86 30 512
86 26 512
86 30 512
86 30 512
86 26 512
86 26 512
86 26 512
86 30 512
86 26 512
87 10 512
87 20 513
87 26 512
87 26 512
87 26 512
87 26 512
87 26 512
87 26 512
87 26 512
87 30 512
87 30 512
87 30 512
87 26 512
87 30 512
87 26 512
87 30 512
87 26 512
87 30 512
87 26 512
87 30 512
87 30 512
88 10 513
88 20 512
88 30 710
88 26 512
88 30 512
88 26 512
88 30 512
88 30 512
88 26 512
88 30 512
88 30 512
88 26 512
88 26 512
88 30 512
88 26 512
88 30 512
88 26 512
88 26 512
88 26 512
88 26 512
88 30 512
89 10 512
89 20 512
89 26 512
89 30 512
89 26 512
89 30 512
89 30 512
89 30 512
89 30 512
89 26 512
89 26 512
89 30 512
89 26 512
89 26 512
89 30 512
89 26 512
89 30 512
89 26 512
89 26 512
89 26 512
89 30 512
90 10 512
90 20 513
90 30 710
90 26 512
90 30 512
90 30 512
90 26 512
90 26 512
90 26 512
90 30 512
90 30 512
90 30 512
90 26 512
90 30 512
90 30 512
90 30 512
90 30 512
90 30 512
90 26 512
90 30 512
90 26 512
91 10 512
91 20 512
91 26 512
91 30 512
91 26 512
91 26 512
91 26 512
91 26 512
91 26 512
91 26 512
91 26 512
91 26 512
91 30 512
91 26 512
91 26 512
91 30 512
91 30 512
91 26 512
91 26 512
91 26 512
91 26 512
92 10 514
92 20 512
92 26 512
92 26 512
92 26 512
92 26 512
92 26 512
92 30 512
92 26 512
92 26 512
92 26 512
92 26 512
92 26 512
92 30 512
92 30 512
92 30 512
92 30 512
92 26 512
92 26 512
92 26 512
92 30 512
93 10 511
93 20 512
93 30 710
93 30 512
93 26 512
93 26 512
93 26 512
93 30 512
93 30 512
93 26 512
93 26 512
93 30 512
93 26 512
93 26 512
93 26 512
93 30 512
93 26 512
93 26 512
93 26 512
93 26 512
93 26 512
94 10 511
94 20 511
94 30 710
94 26 512
94 26 512
94 26 512
94 30 512
94 30 512
94 26 512
94 26 512
94 26 512
94 26 512
94 30 512
94 26 512
94 26 512
94 26 512
94 26 512
94 26 512
94 26 512
94 26 512
94 26 512
95 10 511
95 20 513
95 26 512
95 26 512
95 26 512
95 26 512
95 26 512
95 26 512
95 26 512
95 26 512
95 26 512
95 26 512
95 26 512
95 26 512
95 26 512
95 26 512
95 26 512
95 26 512
95 26 512
95 30 512
95 26 512
96 10 520
96 20 512
96 30 710
96 26 512
96 26 512
96 26 512
96 26 512
96 26 512
96 26 512
96 26 512
96 26 512
96 26 512
96 26 512
96 26 512
96 30 512
96 26 512
96 26 512
96 26 512
96 30 512
96 26 512
96 26 512
97 10 512
97 20 512
97 26 512
97 26 512
97 30 512
97 26 512
97 30 512
97 30 512
97 30 512
97 26 512
97 26 512
97 26 512
97 26 512
97 26 512
97 26 512
97 26 512
97 26 512
97 26 512
97 26 512
97 26 512
97 26 512
98 10 511
98 20 513
98 26 512
98 30 512
98 30 512
98 26 512
98 26 512
98 30 512
98 30 512
98 30 512
98 30 512
98 26 512
98 26 512
98 26 512
98 30 512
98 30 512
98 26 512
98 26 512
98 26 512
98 26 512
98 30 512
99 10 511
99 20 512
99 30 710
99 30 512
99 30 512
99 30 512
99 30 512
99 30 512
99 26 512
99 26 512
99 26 512
99 26 512
99 30 512
99 26 512
99 26 512
99 26 512
99 26 512
99 30 512
99 26 512
99 30 512
99 26 512
100 10 511
100 20 513
100 30 710
100 26 512
100 26 512
100 30 512
100 26 512
100 30 512
100 26 512
100 26 512
100 30 512
100 30 512
100 30 512
100 30 512
100 30 512
100 30 512
100 30 512
100 30 512
100 30 512
100 30 512
100 30 512
101 10 513
101 20 512
101 30 710
101 26 512
101 30 512
101 30 512
101 30 512
101 30 512
101 30 512
101 26 512
101 30 512
101 30 512
101 30 512
101 26 512
101 30 512
101 30 512
101 30 512
101 30 512
101 30 512
101 26 512
101 30 512
102 10 511
102 20 512
102 30 710
102 30 512
102 26 512
102 30 512
102 30 512
102 30 512
102 34 512
102 30 512
102 30 512
102 26 512
102 30 512
102 30 512
102 30 512
102 30 512
102 30 512
102 30 512
102 30 512
102 30 512
102 26 512
103 10 511
103 20 512
103 30 710
103 30 512
103 30 512
103 30 512
103 30 512
103 30 512
103 30 512
103 30 512
103 30 512
103 30 512
103 30 512
103 30 512
103 30 512
103 30 512
103 30 512
103 30 512
103 26 512
103 30 512
103 30 512
104 10 512
104 20 511
104 30 710
104 30 512
104 30 512
104 30 512
104 30 512
104 30 512
104 30 512
104 26 512
104 30 512
104 30 512
104 26 512
104 30 512
104 30 512
104 30 512
104 34 512
104 30 512
104 30 512
104 30 512
104 30 512
105 10 513
105 20 512
105 30 710
105 30 512
105 26 512
105 30 512
105 30 512
105 30 512
105 30 512
105 30 512
105 30 512
105 30 512
105 30 512
105 30 512
105 30 512
105 30 512
105 30 512
105 30 512
105 30 512
105 30 512
105 26 512
106 10 511
106 20 512
106 30 710
106 30 512
106 26 512
106 30 512
106 30 512
106 30 512
106 30 512
106 30 512
106 30 512
106 30 512
106 30 512
106 30 512
106 30 512
106 30 512
106 30 512
106 30 512
106 30 512
106 30 512
106 30 512
107 10 512
107 20 512
107 30 710
107 30 512
107 30 512
107 30 512
107 30 512
107 30 512
107 30 512
107 30 512
107 30 512
107 30 512
107 30 512
107 30 512
107 26 512
107 30 512
107 30 512
107 30 512
107 30 512
107 30 512
107 30 512
108 10 511
108 20 512
108 30 710
108 30 512
108 30 512
108 30 512
108 30 512
108 26 512
108 30 512
108 30 512
108 30 512
108 30 512
108 26 512
108 30 512
108 30 512
108 30 512
108 30 512
108 30 512
108 30 512
108 30 512
108 30 512
109 10 511
109 20 511
109 30 710
109 30 512
109 30 512
109 30 512
109 30 512
109 30 512
109 26 512
109 30 512
109 30 512
109 26 512
109 30 512
109 30 512
109 30 512
109 30 512
109 30 512
109 30 512
109 30 512
109 30 512
109 30 512
110 10 513
110 20 512
110 30 710
110 30 512
110 30 512
110 30 512
110 30 512
110 30 512
110 30 512
110 30 512
110 26 512
110 30 512
110 30 512
110 30 512
110 30 512
110 30 512
110 30 512
110 30 512
110 30 512
110 30 512
110 30 512
111 10 512
111 20 511
111 30 710
111 30 512
111 30 512
111 30 512
111 30 512
111 30 512
111 30 512
111 30 512
111 30 512
111 30 512
111 30 512
111 30 512
111 30 512
111 30 512
111 30 512
111 30 512
111 30 512
111 30 512
111 30 512
112 10 511
112 20 512
112 30 710
112 30 512
112 30 512
112 30 512
112 30 512
112 30 512
112 30 512
112 30 512
112 30 512
112 30 512
112 30 512
112 26 512
112 30 512
112 30 512
112 30 512
112 30 512
112 30 512
112 30 512
112 30 512
113 10 512
113 20 512
113 30 710
113 30 512
113 30 512
113 30 512
113 30 512
113 30 512
113 26 512
113 30 512
113 30 512
113 30 512
113 30 512
113 30 512
113 30 512
113 30 512
113 30 512
113 30 512
113 30 512
113 30 512
113 30 512
114 10 512
114 20 512
114 30 710
114 30 512
114 30 512
114 26 512
114 30 512
114 30 512
114 30 512
114 30 512
114 30 512
114 30 512
114 30 512
114 30 512
114 30 512
114 30 512
114 30 512
114 30 512
114 30 512
114 30 512
114 30 512
115 10 513
115 20 511
115 26 512
115 30 512
115 30 512
115 30 512
115 30 512
115 30 512
115 30 512
115 30 512
115 30 512
115 30 512
115 30 512
115 30 512
115 26 512
115 30 512
115 26 512
115 30 512
115 30 512
115 30 512
115 30 512
116 10 513
116 20 511
116 30 710
116 30 512
116 30 512
116 30 512
116 30 512
116 30 512
116 26 512
116 30 512
116 30 512
116 30 512
116 30 512
116 30 512
116 26 512
116 30 512
116 30 512
116 30 512
116 30 512
116 30 512
116 30 512
117 10 512
117 20 511
117 30 710
117 30 512
117 30 512
117 30 512
117 30 512
117 30 512
117 30 512
117 30 512
117 30 512
117 30 512
117 30 512
117 26 512
117 30 512
117 30 512
117 26 512
117 30 512
117 30 512
117 30 512
117 30 512
118 10 513
118 20 513
118 30 710
118 30 512
118 26 512
118 30 512
118 30 512
118 30 512
118 26 512
118 30 512
118 30 512
118 26 512
118 30 512
118 30 512
118 30 512
118 26 512
118 26 512
118 30 512
118 30 512
118 30 512
118 30 512
119 10 511
119 20 511
119 30 710
119 30 512
119 30 512
119 26 512
119 30 512
119 26 512
119 26 512
119 26 512
119 30 512
119 30 512
119 30 512
119 30 512
119 26 512
119 30 512
119 30 512
119 30 512
119 30 512
119 26 512
119 30 512
120 10 513
120 20 513
120 30 710
120 30 512
120 30 512
120 30 512
120 26 512
120 26 512
120 30 512
120 26 512
120 30 512
120 30 512
120 26 512
120 26 512
120 30 512
120 26 512
120 30 512
120 30 512
120 26 512
120 26 512
120 30 512
121 10 513
121 20 512
121 26 512
121 30 512
121 26 512
121 26 512
121 30 512
121 30 512
121 30 512
121 26 512
121 26 512
121 26 512
121 30 512
121 30 512
121 26 512
121 30 512
121 30 512
121 30 512
121 30 512
121 30 512
121 26 512
122 10 513
122 20 512
122 30 710
122 30 512
122 30 512
122 30 512
122 30 512
122 30 512
122 30 512
122 26 512
122 26 512
122 26 512
122 26 512
122 30 512
122 26 512
122 26 512
122 26 512
122 26 512
122 26 512
122 30 512
122 26 512
123 10 512
123 20 511
123 30 710
123 26 512
123 26 512
123 26 512
123 26 512
123 30 512
123 30 512
123 26 512
123 26 512
123 26 512
123 30 512
123 26 512
123 30 512
123 30 512
123 26 512
123 30 512
123 26 512
123 30 512
123 26 512
124 10 512
124 20 512
124 26 512
124 26 512
124 26 512
124 30 512
124 26 512
124 26 512
124 26 512
124 26 512
124 26 512
124 26 512
124 30 512
124 26 512
124 30 512
124 26 512
124 30 512
124 30 512
124 26 512
124 26 512
124 26 512
125 10 512
125 20 512
125 30 710
125 26 512
125 26 512
125 30 512
125 26 512
125 30 512
125 30 512
125 26 512
125 26 512
125 26 512
125 26 512
125 26 512
125 26 512
125 26 512
125 26 512
125 26 512
125 26 512
125 30 512
125 26 512
126 10 512
126 20 512
126 26 512
126 26 512
126 26 512
126 26 512
126 26 512
126 30 512
126 30 512
126 26 512
126 26 512
126 26 512
126 26 512
126 26 512
126 30 512
126 30 512
126 26 512
126 26 512
126 26 512
126 26 512
126 26 512
127 10 513
127 20 513
127 26 512
127 26 512
127 26 512
127 26 512
127 26 512
127 26 512
127 26 512
127 26 512
127 30 512
127 26 512
127 26 512
127 26 512
127 26 512
127 26 512
127 26 512
127 26 512
127 26 512
127 26 512
127 26 512
128 10 511
128 20 511
128 26 64
128 26 64
128 26 64
128 26 64
128 26 64
128 26 64
128 26 64
128 26 64
128 30 9
128 30 10
128 26 64
128 26 64
128 26 64
128 26 64
128 26 64
128 26 64
128 26 64
128 26 64
128 26 64
129 10 510
129 20 510
129 26 64
129 26 64
129 26 64
129 26 64
129 26 64
129 26 64
129 26 64
129 26 64
129 30 3
129 26 64
129 26 64
129 26 64
129 30 3
129 26 64
129 30 3
129 26 64
129 26 64
129 26 64
129 26 64
130 10 453
130 20 444
130 26 64
130 26 64
130 26 64
130 26 64
130 26 64
130 26 64
130 26 64
130 26 64
130 26 64
130 26 64
130 26 64
130 26 64
130 26 64
130 26 64
130 26 64
130 26 64
130 26 64
130 30 2
130 26 64
131 10 445
131 20 444
131 26 64
131 26 64
131 26 64
131 26 64
131 26 64
131 26 64
131 26 64
131 26 64
131 26 64
131 26 64
131 26 64
131 26 64
131 26 64
131 24 104
131 26 64
131 26 64
131 26 64
131 26 64
131 26 64
132 10 376
132 20 376
132 26 60
132 26 60
132 26 60
132 26 60
132 30 1
132 26 60
132 26 60
132 26 60
132 26 60
132 26 60
132 26 60
132 26 60
132 26 60
132 26 60
132 26 60
132 26 60
132 26 60
132 26 60
132 26 48
133 10 383
133 20 376
133 30 219
133 26 60
133 26 60
133 26 60
133 26 60
133 26 60
133 26 60
133 26 60
133 26 60
133 26 60
133 26 60
133 30 1
133 26 60
133 26 60
133 26 60
133 26 60
133 26 60
133 26 60
133 26 60
134 10 376
134 20 376
134 26 60
134 26 60
134 26 60
134 26 60
134 26 60
134 30 1
134 26 60
134 30 1
134 26 60
134 26 60
134 30 2
134 26 60
134 26 60
134 26 60
134 26 60
134 26 60
134 26 60
134 26 60
134 26 60
135 10 376
135 20 376
135 26 42
135 26 48
135 26 42
135 26 36
135 26 48
135 26 48
135 26 42
135 26 48
135 26 48
135 26 42
135 26 42
135 26 48
135 26 42
135 26 42
135 26 36
135 26 42
135 26 48
135 26 36
135 26 48
136 10 329
136 20 304
136 26 27
136 26 42
136 30 0
137 10 305
137 20 304
137 26 33
137 30 1
137 26 27
137 26 27
137 26 33
137 26 42
137 26 42
137 26 33
137 26 33
137 26 33
137 26 18
137 26 42
137 26 33
137 26 27
137 26 42
137 26 42
137 26 42
137 26 42
137 26 33
138 10 304
138 20 304
138 30 219
138 26 42
138 26 42
138 26 27
138 26 27
138 26 27
138 26 42
138 26 42
138 26 42
138 30 1
138 26 27
138 26 42
138 30 1
138 26 33
138 26 33
138 26 33
138 26 33
138 26 42
138 26 27
139 10 307
139 20 304
139 26 27
139 26 33
139 26 33
139 26 42
139 26 33
139 30 27
139 26 42
139 26 33
139 26 33
139 26 42
139 26 27
139 26 27
139 26 42
139 26 33
139 26 33
139 26 27
139 26 27
139 26 33
139 26 33
140 10 305
140 20 304
140 26 33
140 30 0
141 10 305
141 20 304
141 26 18
141 26 18
141 26 15
141 26 42
141 26 18
141 30 1
141 26 16
141 26 42
141 30 1
141 26 18
141 26 27
141 30 0
142 10 309
142 20 304
142 26 33
142 26 18
142 26 27
142 26 17
142 26 15
142 26 17
142 26 27
142 26 18
142 26 18
142 26 17
142 26 18
142 26 27
142 26 18
142 26 33
142 26 18
142 26 33
142 26 33
142 26 18
142 26 33
143 10 305
143 20 304
143 26 15
143 26 0
144 10 251
144 20 224
144 26 18
144 26 18
144 26 18
144 26 18
144 30 0
145 10 227
145 20 224
145 26 18
145 26 12
145 26 6
145 26 18
145 26 18
145 26 6
145 26 12
145 26 12
145 26 6
145 26 12
145 26 12
145 26 12
145 26 18
145 26 18
145 26 12
145 26 18
145 26 12
145 26 12
145 26 18
146 10 224
146 20 224
146 26 12
146 26 6
146 30 0
147 10 232
147 20 224
147 26 6
147 26 6
147 26 6
147 26 18
147 26 6
147 26 6
147 26 12
147 26 12
147 26 6
147 26 6
147 26 6
147 26 6
147 26 6
147 26 12
147 26 7
147 26 6
147 30 0
148 10 227
148 20 224
148 26 12
148 26 12
148 26 12
148 26 12
148 26 12
148 26 18
148 26 12
148 26 12
148 30 0
149 10 224
149 20 224
149 26 18
149 26 12
149 26 6
149 30 0
150 10 225
150 20 224
150 30 219
150 26 18
150 30 0
151 10 224
151 20 224
151 26 18
151 30 0
152 10 224
152 20 224
152 26 18
152 26 6
152 26 6
152 26 12
152 26 20
152 26 8
152 26 12
152 26 8
152 26 18
152 26 2
152 26 6
152 26 6
152 26 6
152 26 6
152 26 18
152 26 6
152 26 18
152 30 0
153 10 225
153 20 224
153 26 6
153 26 18
153 26 18
153 26 6
153 26 12
153 30 0
154 10 224
154 20 224
154 26 6
154 26 6
154 26 6
154 30 0
155 10 224
155 20 224
155 26 6
155 26 6
155 26 6
155 26 12
155 26 12
155 26 6
155 26 6
155 26 12
155 26 6
155 26 12
155 26 12
155 30 0
156 10 224
156 20 224
156 26 12
156 26 6
156 30 1
156 26 6
156 26 6
156 26 6
156 26 12
156 26 6
156 26 2
156 26 6
156 30 5
156 26 12
156 26 6
156 26 12
156 26 6
156 30 0
157 10 224
157 20 224
157 26 6
157 26 6
157 26 6
157 26 6
157 26 6
157 26 6
157 26 12
157 26 8
157 26 6
157 26 6
157 26 2
157 26 2
157 26 6
157 26 12
157 30 0
158 10 224
158 20 224
158 26 6
158 26 6
158 26 4
158 26 12
158 26 6
158 26 8
158 26 6
158 26 6
158 30 0
159 10 224
159 20 224
159 26 0
160 10 178
160 20 128
160 26 0
161 10 147
161 20 128
161 26 0
162 10 129
162 20 128
162 26 0
163 10 130
163 20 128
163 26 0
164 10 129
164 20 128
164 26 0
165 10 134
165 20 128
165 30 219
165 26 0
166 10 129
166 20 128
166 30 219
166 30 0
167 10 128
167 20 128
167 26 1
167 26 0
168 10 129
168 20 128
168 26 0
169 10 128
169 20 128
169 26 0
170 10 128
170 20 128
170 26 5
170 26 5
170 26 0
171 10 128
171 20 128
171 30 219
171 26 0
172 10 128
172 20 128
172 26 0
173 10 128
173 20 128
173 26 0
174 10 128
174 20 128
174 30 219
174 30 0
175 10 128
175 20 128
175 30 219
175 26 0
176 10 128
176 20 128
176 30 219
176 26 5
176 26 0
177 10 128
177 20 128
177 26 0
178 10 128
178 20 128
178 26 0
179 10 128
179 20 128
179 30 219
179 26 0
180 10 128
180 20 128
180 30 219
180 30 0
181 10 128
181 20 128
181 26 0
182 10 128
182 20 128
182 30 219
182 30 0
183 10 128
183 20 128
183 26 0
184 10 128
184 20 128
184 26 0
185 10 128
185 20 128
185 26 0
186 10 128
186 20 128
186 26 0
187 10 128
187 20 128
187 30 219
187 26 0
188 10 128
188 20 128
188 26 0
189 10 128
189 20 128
189 30 219
189 26 0
190 10 128
190 20 128
190 26 0
191 10 128
191 20 128
191 26 0
192 10 114
192 20 0
193 10 79
193 20 0
194 10 4
194 20 0
195 10 2
195 20 0
196 10 9
196 20 0
197 10 3
197 20 0
198 10 5
198 20 0
199 10 0
200 10 0
201 10 4
201 20 0
202 10 8
202 20 0
203 10 8
203 20 0
204 10 1
204 20 0
205 10 5
205 20 0
206 10 11
206 20 0
207 10 0
208 10 8
208 20 0
209 10 1
209 20 0
210 10 2
210 20 0
211 10 0
212 10 1
212 20 0
213 10 1
213 20 0
214 10 0
215 10 0
216 10 0
217 10 0
218 10 0
219 10 0
220 10 0
221 10 0
222 10 0
223 10 0
224 10 0
225 10 0
226 10 0
227 10 0
228 10 0
229 10 0
230 10 0
231 10 0
232 10 0
233 10 0
234 10 0
235 10 0
236 10 0
237 10 0
238 10 0
239 10 0
240 10 0
241 10 0
242 10 0
243 10 0
244 10 0
245 10 0
246 10 0
247 10 0
248 10 0
249 10 0
250 10 0
251 10 0
252 10 0
253 10 0
254 10 0
255 10 0
